1 0.56229 0.08904 0.56134 0.31598 0.83488 0.31579 0.83445 0.08928
7 0.58066 0.44928 0.74320 0.44975 0.74225 0.59875 0.57940 0.59899
5 0.21852 0.46659 0.43048 0.46706 0.43170 0.57700 0.21820 0.57747
12 0.74225 0.33162 0.74384 0.36483 0.72324 0.36483 0.72419 0.43478 0.45203 0.43688 0.45076 0.33279
12 0.85568 0.08156 0.87755 0.08156 0.87723 0.34682 0.76285 0.34752 0.76253 0.33255 0.85473 0.33279
12 0.11063 0.20624 0.15071 0.20624 0.15050 0.33275 0.18007 0.33314 0.17983 0.43236 0.27504 0.43236 0.27600 0.45248 0.19612 0.45271 0.19644 0.58889 0.13413 0.58889 0.13474 0.40392 0.11346 0.40392
1 0.23784 0.08914 0.54201 0.08914 0.54233 0.31559 0.17244 0.31622 0.17244 0.20788 0.23784 0.20844
5 0.20362 0.33442 0.43080 0.33442 0.43143 0.44951 0.29677 0.45068 0.29709 0.37817 0.28505 0.37817 0.28473 0.41583 0.20172 0.41630
1 0.55989 0.44955 0.44867 0.44942 0.45097 0.59240 0.42143 0.59211 0.42114 0.89361 0.88153 0.89643 0.88153 0.61743 0.56139 0.61546
10 0.72414 0.36480 0.89597 0.36480 0.89561 0.60226 0.76177 0.60199 0.76253 0.52450 0.78682 0.52495 0.78656 0.43528 0.72414 0.43441
12 0.10812 0.07930 0.19800 0.07883 0.19863 0.18173 0.10720 0.18173
12 0.13305 0.62129 0.37533 0.62096 0.37533 0.92343 0.16272 0.92343 0.16272 0.90255 0.13215 0.90288
