4 0.86133 0.06439 0.86107 0.10317 0.89797 0.10308 0.89782 0.06424
1 0.86639 0.28137 0.92149 0.28139 0.92151 0.19989 0.86667 0.19991
12 0.94398 0.13045 0.94398 0.16534 0.95131 0.16539 0.95131 0.11015 0.94745 0.11013 0.94741 0.13043
12 0.76801 0.06378 0.76797 0.07439 0.77583 0.07445 0.77583 0.06380
1 0.68677 0.16129 0.68672 0.23904 0.76585 0.23902 0.76585 0.23478 0.76565 0.23455 0.76587 0.16145
5 0.72066 0.12246 0.72071 0.15785 0.77360 0.15783 0.77360 0.13663 0.74914 0.13657 0.74912 0.12246
4 0.73151 0.24487 0.73147 0.27261 0.76601 0.27266 0.76607 0.24668 0.76183 0.24668 0.76183 0.24483
1 0.92440 0.28139 0.98541 0.28139 0.98541 0.27456 0.98520 0.27454 0.98522 0.19991 0.92430 0.19989
12 0.89127 0.13102 0.89127 0.16549 0.90632 0.16561 0.90642 0.13098
0 0.77043 0.28136 0.86208 0.28140 0.86208 0.25303 0.86160 0.25303 0.86169 0.19633 0.88630 0.19637 0.88630 0.19696 0.95157 0.19715 0.95149 0.16849 0.79225 0.16823 0.79220 0.16134 0.77889 0.16123 0.77889 0.16190 0.77390 0.16193 0.77388 0.16149 0.77085 0.16149
5 0.17568 0.09618 0.17552 0.14975 0.18972 0.14975 0.18974 0.14785 0.20574 0.14779 0.20580 0.09611
6 0.01433 0.01901 0.01427 0.05974 0.03885 0.05976 0.03884 0.01899
6 0.34921 0.95402 0.34924 0.98344 0.38517 0.98348 0.38516 0.95404
4 0.32194 0.74722 0.32199 0.77268 0.35172 0.77272 0.35174 0.77626 0.37027 0.77630 0.37022 0.77278 0.38511 0.77266 0.38518 0.74726 0.37176 0.74714 0.37174 0.74671 0.35622 0.74668 0.35622 0.74714
5 0.29620 0.79719 0.29609 0.81743 0.30432 0.81749 0.30429 0.85349 0.34914 0.85353 0.34923 0.79719
2 0.18140 0.77964 0.18134 0.85892 0.26245 0.85908 0.26235 0.77958
1 0.12102 0.79950 0.12087 0.85821 0.17555 0.85839 0.17550 0.80692 0.17582 0.80643 0.17574 0.80025 0.17581 0.79982 0.17584 0.79959
12 0.09027 0.89510 0.09025 0.95142 0.12713 0.95146 0.12722 0.89518
3 0.04770 0.81452 0.04774 0.86117 0.07579 0.86129 0.07577 0.85882 0.08440 0.85882 0.08410 0.81471 0.07394 0.81485 0.07392 0.80194 0.04706 0.80194 0.04705 0.81453
12 0.26521 0.81613 0.26522 0.85423 0.28336 0.85428 0.28342 0.81612
7 0.31906 0.77960 0.31915 0.79337 0.35240 0.79343 0.35234 0.85716 0.38513 0.85721 0.38515 0.77962
12 0.86063 0.10678 0.86063 0.12116 0.88892 0.12119 0.88892 0.12197 0.89844 0.12200 0.89844 0.10675
12 0.86068 0.12447 0.86064 0.16557 0.88623 0.16557 0.88621 0.12445
7 0.68676 0.07774 0.68669 0.15939 0.71748 0.15979 0.71760 0.07767
5 0.95448 0.11333 0.95422 0.16505 0.98458 0.16493 0.98451 0.11333
6 0.69056 0.24422 0.69051 0.27259 0.72830 0.27264 0.72830 0.24427
12 0.75196 0.12190 0.75198 0.13313 0.77376 0.13317 0.77376 0.12181
3 0.90830 0.16828 0.93326 0.16828 0.93324 0.16608 0.94109 0.16605 0.94109 0.13128 0.90827 0.13101
2 0.77868 0.06436 0.77890 0.15900 0.79224 0.15902 0.79234 0.16817 0.85811 0.16837 0.85794 0.06436
0 0.12203 0.13274 0.09742 0.13286 0.09745 0.17651 0.09788 0.17653 0.09782 0.18201 0.04094 0.18200 0.04095 0.18157 0.01659 0.18159 0.01653 0.28659 0.12837 0.28638 0.12837 0.20991 0.32657 0.21018 0.32667 0.18166 0.12161 0.18200 0.12159 0.17567 0.12203 0.17564
4 0.04536 0.76726 0.04530 0.79506 0.05009 0.79506 0.05009 0.79867 0.06864 0.79882 0.06864 0.79506 0.07417 0.79502 0.07422 0.78841 0.08433 0.78841 0.08438 0.76730 0.07404 0.76727 0.07401 0.76658 0.05851 0.76661 0.05849 0.76727
3 0.70068 0.81580 0.70071 0.85367 0.73096 0.85367 0.73092 0.85148 0.73882 0.85154 0.73884 0.82256 0.73859 0.82255 0.73864 0.81572
1 0.91120 0.85503 0.91120 0.93237 0.91103 0.93252 0.91107 0.93970 0.95974 0.93975 0.95966 0.85503
2 0.82721 0.78046 0.82693 0.85379 0.90613 0.85383 0.90608 0.80015 0.90632 0.80013 0.90625 0.79592 0.89215 0.79592 0.89219 0.78036
4 0.78022 0.75059 0.78017 0.77337 0.89811 0.77331 0.89806 0.78943 0.93404 0.78943 0.93408 0.77156 0.92543 0.77158 0.92542 0.75051
0 0.70064 0.85442 0.70066 0.88234 0.81518 0.88183 0.81516 0.93285 0.81500 0.93299 0.81494 0.93966 0.90627 0.93970 0.90627 0.93297 0.90607 0.93283 0.90620 0.85462
12 0.74184 0.82254 0.74179 0.85094 0.77264 0.85122 0.77273 0.82250
12 0.92827 0.75055 0.92827 0.76832 0.93437 0.76834 0.93440 0.75677 0.93868 0.75680 0.93875 0.75051
4 0.96437 0.75984 0.96435 0.79643 0.95627 0.79647 0.95626 0.84819 0.96557 0.84820 0.96560 0.94228 0.98642 0.94231 0.98640 0.75994
1 0.69151 0.88565 0.69154 0.93965 0.75253 0.93972 0.75256 0.88532 0.70054 0.88543 0.70054 0.88568
5 0.92650 0.79607 0.92645 0.81719 0.92070 0.81719 0.92070 0.85136 0.95095 0.85137 0.95095 0.79605
12 0.70068 0.78374 0.70063 0.81327 0.73865 0.81327 0.73867 0.78358
4 0.68968 0.94658 0.68961 0.97196 0.70705 0.97196 0.70705 0.97260 0.73687 0.97261 0.73687 0.97192 0.76798 0.97191 0.76798 0.97257 0.79795 0.97256 0.79795 0.97191 0.82739 0.97191 0.82742 0.97260 0.89386 0.97258 0.89386 0.97191 0.92143 0.97189 0.92141 0.97256 0.95118 0.97262 0.95116 0.97197 0.95378 0.97191 0.95383 0.94535 0.92091 0.94535 0.92087 0.94658
6 0.69913 0.75066 0.69905 0.77822 0.73512 0.77826 0.73519 0.75066
12 0.73921 0.75188 0.73922 0.76349 0.77150 0.76358 0.77153 0.75178
12 0.93926 0.76263 0.93926 0.78936 0.95845 0.78944 0.95845 0.78623 0.96085 0.78623 0.96092 0.76505 0.95845 0.76505 0.95851 0.76262
5 0.08752 0.77279 0.08749 0.82669 0.11790 0.82651 0.11780 0.77271
12 0.16799 0.75436 0.16801 0.76680 0.17839 0.76670 0.17839 0.75435
0 0.04706 0.86210 0.04698 0.88947 0.05077 0.88951 0.05077 0.88929 0.19561 0.88927 0.19563 0.94443 0.19545 0.94449 0.19549 0.95140 0.29892 0.95134 0.29894 0.94236 0.29859 0.94194 0.29867 0.85742 0.28993 0.85742 0.28994 0.85761 0.28330 0.85761 0.28333 0.85719 0.26262 0.85712 0.26260 0.86139 0.18140 0.86129 0.18140 0.86197 0.17565 0.86195 0.17563 0.86127 0.07633 0.86135 0.07634 0.86217
12 0.30646 0.74716 0.30649 0.76752 0.31899 0.76754 0.31896 0.74714
4 0.12079 0.76724 0.12083 0.79257 0.12951 0.79262 0.12955 0.79391 0.16036 0.79386 0.16034 0.79265 0.17526 0.79261 0.17516 0.77274 0.19584 0.77279 0.19582 0.77399 0.22681 0.77397 0.22681 0.77273 0.26834 0.77270 0.26832 0.81504 0.29324 0.81494 0.29318 0.79363 0.31602 0.79355 0.31588 0.77080 0.30369 0.77084 0.30368 0.75432 0.28579 0.75430 0.28579 0.75368 0.27007 0.75365 0.27009 0.75425 0.22429 0.75433 0.22429 0.75369 0.19435 0.75368 0.19435 0.75425 0.18123 0.75437 0.18123 0.77009 0.16337 0.77005 0.16334 0.76728 0.15995 0.76728 0.15992 0.76659 0.12998 0.76659 0.12998 0.76721
1 0.30394 0.94158 0.30360 0.94234 0.30360 0.94901 0.38518 0.94899 0.38518 0.85759 0.30390 0.85736
12 0.08679 0.83022 0.08681 0.85846 0.11842 0.85842 0.11844 0.83034
12 0.07684 0.79106 0.07680 0.81152 0.08440 0.81158 0.08438 0.79104
1 0.01859 0.89500 0.01854 0.95142 0.08731 0.95138 0.08744 0.89516
12 0.28997 0.81572 0.28998 0.85409 0.30150 0.85409 0.30150 0.82067 0.29320 0.82067 0.29325 0.81574
1 0.12966 0.89508 0.12973 0.95142 0.19067 0.95144 0.19067 0.94447 0.19048 0.94431 0.19056 0.89512
4 0.30494 0.95585 0.30493 0.95828 0.28705 0.95832 0.28707 0.95708 0.20734 0.95710 0.20736 0.95826 0.17891 0.95834 0.17891 0.95708 0.14201 0.95712 0.14199 0.95828 0.12106 0.95830 0.12106 0.95708 0.09630 0.95706 0.09630 0.95830 0.07233 0.95825 0.07234 0.95707 0.03527 0.95705 0.03526 0.95828 0.01850 0.95830 0.01857 0.98363 0.03574 0.98371 0.03573 0.98432 0.07172 0.98434 0.07172 0.98368 0.09686 0.98372 0.09684 0.98434 0.12051 0.98432 0.12051 0.98366 0.14233 0.98368 0.14231 0.98432 0.17830 0.98432 0.17830 0.98368 0.20793 0.98368 0.20793 0.98432 0.28664 0.98430 0.28665 0.98364 0.31610 0.98372 0.31610 0.98436 0.34585 0.98434 0.34578 0.98350 0.34626 0.98344 0.34627 0.95467 0.31551 0.95463 0.31549 0.95595
12 0.77762 0.78038 0.77759 0.78715 0.77784 0.78719 0.77775 0.85057 0.79772 0.85050 0.79772 0.85088 0.82435 0.85094 0.82438 0.78038
5 0.74131 0.76645 0.74125 0.81927 0.77250 0.81937 0.77238 0.78726 0.77289 0.78724 0.77287 0.76634
12 0.91102 0.79549 0.91104 0.80047 0.91123 0.80051 0.91122 0.85170 0.91751 0.85177 0.91752 0.81372 0.92353 0.81374 0.92350 0.79551
1 0.75544 0.88543 0.75541 0.93966 0.81023 0.93970 0.81021 0.93269 0.81006 0.93255 0.81004 0.88551
12 0.07097 0.28978 0.07095 0.33032 0.08708 0.33034 0.08708 0.31941 0.07903 0.31941 0.07897 0.28982
12 0.26216 0.13512 0.26209 0.17771 0.29169 0.17773 0.29167 0.13510
1 0.01654 0.11307 0.01656 0.17678 0.04098 0.17676 0.04100 0.17616 0.09505 0.17611 0.09495 0.11355
4 0.08176 0.28993 0.08180 0.31620 0.08992 0.31622 0.08992 0.32977 0.12550 0.32955 0.12558 0.28996
12 0.20887 0.09552 0.20894 0.17850 0.22247 0.17848 0.22240 0.09546
12 0.16713 0.09168 0.16704 0.10867 0.17250 0.10869 0.17254 0.09168
1 0.26295 0.21313 0.26295 0.23896 0.26312 0.23894 0.26307 0.29939 0.32662 0.29931 0.32666 0.21313
5 0.12518 0.11249 0.12469 0.17619 0.17209 0.17599 0.17200 0.11241
1 0.04320 0.01634 0.04321 0.10785 0.04693 0.10785 0.04689 0.10750 0.09779 0.10750 0.09789 0.11353 0.09745 0.11353 0.09748 0.12990 0.12202 0.12995 0.12202 0.10865 0.16456 0.10874 0.16436 0.07826 0.12267 0.07829 0.12269 0.01664
12 0.20439 0.24484 0.20441 0.25213 0.21047 0.25214 0.21042 0.24486
1 0.29456 0.09807 0.29449 0.13725 0.29425 0.13727 0.29427 0.17767 0.37001 0.17757 0.37003 0.09801
12 0.20623 0.15152 0.20628 0.17868 0.17531 0.17886 0.17533 0.15160
12 0.19872 0.21291 0.19863 0.23906 0.26046 0.23906 0.26046 0.21286
4 0.01428 0.10789 0.03689 0.10791 0.03703 0.06336 0.01411 0.06324
2 0.19635 0.21287 0.19609 0.32966 0.12900 0.32983 0.12911 0.21268
7 0.12538 0.01659 0.12534 0.07545 0.16441 0.07550 0.16445 0.01645
3 0.22527 0.13727 0.22521 0.17874 0.23309 0.17872 0.23309 0.18150 0.26021 0.18150 0.26021 0.13721 0.25841 0.13722 0.25841 0.13226 0.23826 0.13223 0.23821 0.13722
12 0.98520 0.19695 0.98518 0.16865 0.95400 0.16871 0.95395 0.19707
12 0.72018 0.07773 0.72000 0.11886 0.77391 0.11884 0.77412 0.11840 0.77598 0.11842 0.77600 0.07775
