12 0.82070 0.67351 0.84162 0.67357 0.84166 0.73150 0.82075 0.73150
1 0.20004 0.82874 0.26571 0.82862 0.26571 0.89296 0.20012 0.89296
3 0.89490 0.07663 0.90637 0.07657 0.90632 0.07181 0.93324 0.07181 0.93329 0.07657 0.93437 0.07652 0.93447 0.13057 0.90533 0.13069 0.90528 0.12762 0.89485 0.12768
2 0.71608 0.06180 0.78071 0.06185 0.78076 0.05591 0.80148 0.05597 0.80153 0.13081 0.71641 0.13079
12 0.80685 0.07890 0.83453 0.07915 0.83433 0.12756 0.80685 0.12769
4 0.07750 0.93242 0.07768 0.96180 0.10075 0.96190 0.10065 0.98466 0.19874 0.98476 0.19892 0.92726 0.34173 0.92726 0.34173 0.90387 0.18677 0.90398 0.18677 0.93252
0 0.13619 0.92102 0.04979 0.92128 0.04979 0.79008 0.13334 0.78962 0.13334 0.77780 0.19115 0.77780 0.19115 0.78977 0.29892 0.78962 0.29892 0.82512 0.13608 0.82509
5 0.06216 0.05839 0.08790 0.05850 0.08795 0.08759 0.10011 0.08771 0.10011 0.12709 0.06211 0.12715
12 0.22381 0.01669 0.25024 0.01657 0.25034 0.03170 0.22381 0.03194
1 0.88538 0.16949 0.95118 0.16949 0.95117 0.23087 0.88539 0.23089
12 0.83459 0.02040 0.83453 0.03552 0.86111 0.03560 0.86129 0.02040
12 0.26962 0.75631 0.29885 0.75621 0.29902 0.78644 0.26962 0.78654
4 0.10483 0.01670 0.10483 0.04673 0.16946 0.04673 0.16946 0.04820 0.19146 0.04814 0.19146 0.04673 0.20027 0.04673 0.20027 0.06445 0.24565 0.06462 0.24560 0.03501 0.22109 0.03501 0.22114 0.01646
1 0.66419 0.67870 0.74485 0.67885 0.74521 0.78350 0.66414 0.78357
2 0.13608 0.82509 0.19472 0.82509 0.19472 0.89284 0.17761 0.89296 0.17740 0.92115 0.13619 0.92102
4 0.62641 0.02044 0.67257 0.02026 0.67262 0.05043 0.62641 0.05043
4 0.04757 0.23834 0.10942 0.23838 0.10943 0.22986 0.19644 0.22976 0.19644 0.23832 0.34331 0.23828 0.34324 0.25074 0.34439 0.25078 0.34438 0.26896 0.04770 0.26912
12 0.16911 0.76331 0.19072 0.76336 0.19072 0.77459 0.16915 0.77490
1 0.01960 0.13038 0.10019 0.13039 0.10029 0.22707 0.01963 0.22713
1 0.81454 0.82860 0.88039 0.82857 0.88046 0.92234 0.81426 0.92243
12 0.85911 0.05834 0.88072 0.05826 0.88080 0.07563 0.85905 0.07569
4 0.62809 0.71616 0.65520 0.71607 0.65523 0.72823 0.65810 0.72828 0.65820 0.77989 0.65508 0.77989 0.65512 0.78331 0.62798 0.78313
5 0.74790 0.72899 0.80520 0.72899 0.80520 0.75985 0.78104 0.75985 0.78104 0.77472 0.74790 0.77477
6 0.62643 0.23905 0.65583 0.23909 0.65583 0.27263 0.62640 0.27274
12 0.69464 0.96506 0.71251 0.96509 0.71267 0.98069 0.69462 0.98069
0 0.10539 0.21836 0.20048 0.21846 0.20039 0.16220 0.32347 0.16230 0.32353 0.12684 0.10563 0.12699
12 0.95954 0.06762 0.98697 0.06775 0.98699 0.10362 0.95946 0.10349
12 0.09073 0.05852 0.10237 0.05831 0.10237 0.08445 0.09056 0.08453
3 0.22828 0.73476 0.25503 0.73476 0.25507 0.74142 0.26662 0.74152 0.26662 0.78688 0.25604 0.78703 0.25609 0.78982 0.22696 0.78967 0.22696 0.74157 0.22832 0.74157
12 0.88397 0.75608 0.91334 0.75623 0.91334 0.78627 0.88404 0.78634
2 0.80911 0.97958 0.80926 0.82537 0.76230 0.82540 0.76230 0.97958
12 0.24836 0.05438 0.27001 0.05438 0.26992 0.07193 0.24836 0.07199
6 0.01558 0.23527 0.04505 0.23527 0.04511 0.26890 0.01558 0.26897
4 0.69536 0.92733 0.69530 0.96178 0.71535 0.96178 0.71541 0.97980 0.75974 0.97976 0.75968 0.92737
12 0.78369 0.76334 0.80517 0.76334 0.80524 0.77464 0.78362 0.77467
0 0.63220 0.78974 0.63220 0.80784 0.63315 0.80781 0.63318 0.90307 0.63217 0.90307 0.63220 0.92115 0.76226 0.92097 0.76225 0.82533 0.91334 0.82496 0.91329 0.78956 0.80551 0.78965 0.80553 0.77774 0.74812 0.77768 0.74806 0.78967 0.63830 0.78914 0.63507 0.78932 0.63375 0.78949
12 0.86665 0.02034 0.86651 0.04877 0.88836 0.04891 0.88843 0.06679 0.90059 0.06673 0.90055 0.02029
3 0.28382 0.07282 0.29551 0.07282 0.29551 0.06639 0.32227 0.06643 0.32227 0.07284 0.34062 0.07280 0.34070 0.12699 0.28386 0.12685
2 0.10502 0.05792 0.16980 0.05809 0.16973 0.05224 0.19071 0.05199 0.19057 0.12691 0.10563 0.12699
3 0.84317 0.73468 0.87012 0.73472 0.87012 0.74143 0.88100 0.74143 0.88103 0.78692 0.87066 0.78699 0.87066 0.78968 0.84135 0.78968 0.84135 0.74146 0.84320 0.74146
5 0.67306 0.06223 0.69881 0.06223 0.69884 0.09141 0.71085 0.09141 0.71085 0.13084 0.67306 0.13091
4 0.65881 0.24214 0.72045 0.24193 0.72048 0.23360 0.80702 0.23348 0.80707 0.24208 0.95415 0.24197 0.95419 0.25445 0.95508 0.25442 0.95516 0.27268 0.65875 0.27263
5 0.13314 0.72871 0.19072 0.72903 0.19090 0.76000 0.16634 0.76000 0.16643 0.77475 0.13332 0.77464
12 0.06588 0.01979 0.06743 0.01979 0.06743 0.01629 0.09615 0.01620 0.09615 0.01667 0.09974 0.01667 0.09979 0.04668 0.06591 0.04674
5 0.83707 0.07900 0.89200 0.07896 0.89210 0.12717 0.83707 0.12725
1 0.26870 0.82867 0.34173 0.82842 0.34173 0.89301 0.26870 0.89297
7 0.13281 0.67898 0.13313 0.72587 0.19789 0.72600 0.19789 0.67873
5 0.30127 0.75891 0.34184 0.75891 0.34169 0.82497 0.30144 0.82505
6 0.01353 0.67529 0.04316 0.67510 0.04325 0.71323 0.01366 0.71323
1 0.04972 0.67887 0.13067 0.67879 0.13050 0.78358 0.04978 0.78361
12 0.93690 0.07652 0.95129 0.07660 0.95121 0.13069 0.93690 0.13074
1 0.21793 0.16593 0.34040 0.16581 0.34044 0.22718 0.20556 0.22714 0.20553 0.21843 0.20396 0.21843 0.20382 0.18302 0.21800 0.18306
0 0.71641 0.13079 0.71641 0.22220 0.81103 0.22220 0.81103 0.16582 0.93441 0.16603 0.93447 0.13057
7 0.63051 0.06168 0.64241 0.06158 0.64237 0.05594 0.66357 0.05589 0.66361 0.06168 0.67018 0.06168 0.67027 0.13158 0.63051 0.13155
1 0.63054 0.13412 0.71094 0.13412 0.71104 0.23085 0.63054 0.23085
4 0.01566 0.01667 0.06176 0.01653 0.06182 0.04673 0.01566 0.04666
12 0.07797 0.96516 0.09810 0.96504 0.09810 0.98473 0.07792 0.98479
12 0.66223 0.93260 0.69116 0.93254 0.69116 0.95583 0.68733 0.95583 0.68733 0.98497 0.66218 0.98517
7 0.74753 0.67894 0.81241 0.67894 0.81254 0.72595 0.74778 0.72599
12 0.70146 0.06207 0.71322 0.06215 0.71329 0.08810 0.70139 0.08818
7 0.01958 0.05785 0.03164 0.05774 0.03169 0.05226 0.05271 0.05208 0.05276 0.05791 0.05944 0.05787 0.05947 0.12780 0.01963 0.12774
12 0.34879 0.06389 0.37623 0.06403 0.37619 0.09966 0.34883 0.09976
4 0.71604 0.02044 0.71592 0.05043 0.81083 0.05043 0.81087 0.06830 0.85636 0.06848 0.85638 0.03874 0.83184 0.03874 0.83194 0.02021
5 0.91601 0.75901 0.95634 0.75898 0.95634 0.82495 0.91606 0.82491
1 0.88321 0.82845 0.95640 0.82837 0.95638 0.92237 0.88319 0.92238
5 0.22609 0.07515 0.28116 0.07515 0.28110 0.12351 0.22615 0.12339
12 0.25579 0.01659 0.28987 0.01659 0.28993 0.06287 0.27765 0.06294 0.27765 0.04513 0.25573 0.04520
12 0.04790 0.93241 0.07294 0.93241 0.07276 0.98523 0.04782 0.98521
12 0.32632 0.13057 0.34097 0.13057 0.34103 0.16223 0.32636 0.16239
4 0.01377 0.71617 0.04030 0.71617 0.04022 0.92615 0.01355 0.92610
12 0.19586 0.07525 0.22352 0.07525 0.22353 0.12391 0.19601 0.12405
6 0.62807 0.67519 0.65757 0.67514 0.65757 0.71324 0.62802 0.71313
12 0.80822 0.74143 0.83864 0.74150 0.83864 0.78668 0.80816 0.78671
12 0.19373 0.74137 0.22433 0.74155 0.22418 0.78675 0.19373 0.78666
12 0.67677 0.02356 0.67687 0.05034 0.71054 0.05042 0.71050 0.02024 0.67813 0.02049 0.67820 0.02356
1 0.81670 0.16951 0.88228 0.16951 0.88230 0.23080 0.81650 0.23090
12 0.93726 0.13435 0.95178 0.13435 0.95189 0.16594 0.93718 0.16606
