12 0.96924 0.15205 0.98644 0.15205 0.98639 0.19965 0.96920 0.19965
12 0.81570 0.05388 0.82563 0.05384 0.82560 0.07558 0.81559 0.07562
3 0.93731 0.14588 0.96505 0.14600 0.96505 0.15190 0.96677 0.15190 0.96677 0.19904 0.93615 0.19920 0.93623 0.19674 0.92620 0.19667 0.92605 0.15198 0.93735 0.15198
12 0.83029 0.16828 0.86437 0.16808 0.86445 0.19655 0.83027 0.19652
4 0.66693 0.29923 0.66693 0.32701 0.72619 0.32703 0.72624 0.29923 0.72206 0.29927 0.72211 0.29557 0.67698 0.29554 0.67701 0.29922
5 0.67775 0.14178 0.70417 0.14201 0.70417 0.16746 0.71645 0.16754 0.71645 0.20196 0.67767 0.20211
1 0.63712 0.20505 0.72639 0.20498 0.72651 0.28930 0.63712 0.28937
12 0.71916 0.17371 0.72644 0.17374 0.72645 0.20197 0.71917 0.20201
1 0.84145 0.23303 0.90884 0.23310 0.90895 0.32272 0.84164 0.32271
12 0.83331 0.05148 0.84461 0.05151 0.84469 0.11965 0.83335 0.11968
3 0.31129 0.12564 0.33885 0.12562 0.33885 0.13126 0.35756 0.13128 0.35729 0.17872 0.31026 0.17846 0.31026 0.17585 0.29960 0.17589 0.29954 0.13128 0.31129 0.13122
7 0.02989 0.08639 0.07011 0.08639 0.07045 0.17918 0.03000 0.17936
12 0.10243 0.11873 0.11434 0.11873 0.11441 0.14150 0.10235 0.14147
12 0.27101 0.08218 0.27083 0.10710 0.29295 0.10710 0.29313 0.12263 0.30567 0.12267 0.30567 0.08222
1 0.21797 0.22759 0.21796 0.29829 0.35732 0.29826 0.35732 0.21238 0.23223 0.21248 0.23223 0.22759
4 0.06425 0.27263 0.10929 0.27265 0.10928 0.27583 0.11192 0.27583 0.11177 0.30269 0.05852 0.30259 0.05856 0.27577 0.06429 0.27579
12 0.20987 0.13357 0.23762 0.13357 0.23781 0.17588 0.20978 0.17597
12 0.26341 0.11522 0.28543 0.11522 0.28537 0.13059 0.26331 0.13063
5 0.07335 0.11873 0.09974 0.11873 0.09970 0.14418 0.11192 0.14422 0.11195 0.17879 0.07328 0.17875
5 0.24071 0.13342 0.29681 0.13334 0.29684 0.17547 0.24071 0.17553
12 0.07874 0.08190 0.10927 0.08188 0.10930 0.10815 0.07435 0.10815 0.07435 0.08581 0.07873 0.08581
2 0.11756 0.08670 0.20495 0.08670 0.20464 0.17915 0.11759 0.17919
6 0.02591 0.27303 0.05597 0.27314 0.05594 0.30263 0.02588 0.30263
12 0.23810 0.08576 0.26303 0.08576 0.26303 0.09548 0.23810 0.09551
1 0.02989 0.18147 0.11193 0.18154 0.11213 0.26609 0.02989 0.26609
12 0.36579 0.12352 0.39383 0.12360 0.39386 0.15488 0.36579 0.15488
12 0.08766 0.74793 0.09814 0.74793 0.09836 0.77062 0.08773 0.77062
12 0.10023 0.77967 0.10764 0.77975 0.10760 0.80796 0.10017 0.80799
12 0.69870 0.63838 0.72963 0.63849 0.72968 0.64961 0.69870 0.64961
12 0.78021 0.75414 0.83816 0.75423 0.83776 0.80001 0.78021 0.80016
12 0.69868 0.59818 0.72726 0.59815 0.72732 0.63299 0.69865 0.63280
2 0.83777 0.80587 0.83768 0.87153 0.77777 0.87171 0.77761 0.80582
1 0.78052 0.62328 0.78052 0.67679 0.83816 0.67675 0.83822 0.62320
4 0.73241 0.59838 0.73246 0.61031 0.73130 0.61031 0.73130 0.63293 0.73246 0.63299 0.73241 0.64451 0.77127 0.64476 0.77137 0.61370 0.84750 0.61375 0.84755 0.86202 0.87040 0.86207 0.87035 0.95828 0.69108 0.95828 0.69108 0.98615 0.89500 0.98610 0.89496 0.75465 0.86799 0.75465 0.86804 0.73845 0.86734 0.73845 0.86739 0.59833
1 0.65305 0.85646 0.74230 0.85607 0.74224 0.94835 0.65308 0.94831
6 0.65729 0.95567 0.68809 0.95570 0.68811 0.98635 0.65720 0.98635
1 0.78083 0.68262 0.83810 0.68251 0.83816 0.75110 0.78069 0.75122
3 0.69595 0.73995 0.69600 0.76805 0.70152 0.76802 0.70149 0.77918 0.74508 0.77921 0.74514 0.76826 0.74755 0.76823 0.74758 0.73755 0.70149 0.73767 0.70149 0.73993
12 0.21121 0.77412 0.21121 0.80227 0.24535 0.80227 0.24553 0.77412
7 0.03036 0.74231 0.05207 0.74239 0.05207 0.74729 0.05566 0.74737 0.05560 0.80814 0.01831 0.80808 0.01794 0.74714 0.03036 0.74714
0 0.34768 0.80492 0.34774 0.83602 0.21710 0.83590 0.21722 0.89526 0.11303 0.89532 0.11297 0.80579
12 0.34294 0.18174 0.35788 0.18174 0.35783 0.20944 0.34281 0.20936
4 0.20787 0.08648 0.23556 0.08666 0.23556 0.09820 0.26057 0.09820 0.26064 0.13062 0.20784 0.13026
0 0.11747 0.18189 0.11738 0.29829 0.21457 0.29829 0.21440 0.20926 0.33996 0.20944 0.34008 0.17860 0.20464 0.17915 0.13630 0.17913 0.13630 0.18198
7 0.65283 0.77983 0.70087 0.77987 0.70091 0.85332 0.65308 0.85345
12 0.70371 0.78202 0.70352 0.79058 0.73278 0.79064 0.73277 0.81595 0.74462 0.81587 0.74467 0.78203
12 0.70151 0.71630 0.70147 0.73460 0.74498 0.73456 0.74491 0.71630
5 0.70331 0.65611 0.74454 0.65605 0.74479 0.71367 0.70331 0.71360
12 0.87073 0.73856 0.87060 0.75163 0.89496 0.75172 0.89496 0.73852
5 0.70368 0.79345 0.73000 0.79341 0.72996 0.81877 0.74230 0.81877 0.74227 0.85330 0.70350 0.85330
4 0.14664 0.65741 0.17401 0.65736 0.17411 0.73763 0.09843 0.73768 0.09839 0.70837 0.14664 0.70842
5 0.05869 0.74795 0.08503 0.74795 0.08499 0.77346 0.09747 0.77350 0.09747 0.80793 0.05887 0.80806
1 0.01804 0.81071 0.10775 0.81071 0.10775 0.89518 0.01804 0.89518
2 0.18352 0.66037 0.19394 0.66040 0.19394 0.68426 0.20590 0.68429 0.20570 0.80527 0.11295 0.80575 0.11297 0.77642 0.10749 0.77642 0.10749 0.77700 0.10083 0.77696 0.10083 0.74750 0.18337 0.74753
12 0.35030 0.75795 0.36758 0.75795 0.36752 0.80557 0.35029 0.80563
3 0.31817 0.75189 0.34537 0.75196 0.34544 0.75804 0.34768 0.75796 0.34768 0.80492 0.31803 0.80506 0.31803 0.80261 0.30697 0.80261 0.30697 0.75744 0.31817 0.75737
12 0.21439 0.72852 0.21450 0.74935 0.29000 0.74928 0.28988 0.72852
4 0.04836 0.90523 0.04824 0.93305 0.37172 0.93303 0.37184 0.90520
11 0.23130 0.65749 0.28523 0.65749 0.28534 0.72285 0.23109 0.72296
9 0.29069 0.62040 0.29069 0.74932 0.36209 0.74932 0.36178 0.62040
10 0.62906 0.59819 0.69292 0.59830 0.69291 0.71873 0.62906 0.71878
0 0.74760 0.65358 0.77721 0.65355 0.77777 0.87171 0.86063 0.87159 0.86066 0.94833 0.74788 0.94840
12 0.21123 0.75727 0.24536 0.75733 0.24555 0.77106 0.21123 0.77113
1 0.22288 0.83916 0.28998 0.83914 0.28993 0.89521 0.22283 0.89531
1 0.29293 0.83915 0.36753 0.83909 0.36768 0.89531 0.29298 0.89531
12 0.01377 0.70808 0.05842 0.70826 0.05851 0.71461 0.06363 0.71461 0.06372 0.70817 0.09327 0.70789 0.09336 0.73760 0.01395 0.73733
5 0.24828 0.75988 0.30429 0.75991 0.30435 0.80193 0.24824 0.80205
12 0.35021 0.80868 0.36756 0.80862 0.36750 0.83608 0.35027 0.83602
12 0.19670 0.65980 0.20649 0.65972 0.20647 0.68162 0.19673 0.68157
12 0.21454 0.65747 0.22571 0.65739 0.22584 0.72564 0.21446 0.72569
9 0.90988 0.01396 0.98097 0.01424 0.98098 0.14335 0.90973 0.14335
7 0.63706 0.10661 0.67443 0.10658 0.67498 0.20224 0.63706 0.20217
12 0.96916 0.20264 0.98647 0.20270 0.98647 0.23006 0.96912 0.23009
6 0.63293 0.29671 0.66422 0.29671 0.66432 0.32702 0.63286 0.32708
11 0.85034 0.05148 0.90424 0.05148 0.90424 0.11677 0.85034 0.11690
0 0.96677 0.19904 0.96672 0.23011 0.83618 0.23000 0.83640 0.32262 0.73195 0.32272 0.73213 0.19636 0.80633 0.19645 0.80633 0.19943
12 0.83324 0.12244 0.90891 0.12251 0.90898 0.14328 0.83331 0.14333
2 0.72009 0.10642 0.82551 0.10655 0.82464 0.19649 0.73213 0.19636 0.73200 0.17094 0.72015 0.17100
5 0.86714 0.15397 0.92321 0.15397 0.92335 0.19621 0.86714 0.19621
12 0.67879 0.10867 0.67879 0.13143 0.71211 0.13143 0.71218 0.10215 0.68299 0.10200 0.68306 0.10867
1 0.91191 0.23307 0.98645 0.23312 0.98661 0.32267 0.91190 0.32277
12 0.70672 0.14198 0.71730 0.14195 0.71724 0.16460 0.70670 0.16465
4 0.76971 0.05437 0.76977 0.10361 0.82476 0.10388 0.82487 0.07827 0.81307 0.07827 0.81307 0.05442
