4 0.64905 0.81997 0.60075 0.81908 0.60242 0.69491 0.69450 0.69320 0.69456 0.76800 0.64892 0.76841
1 0.46404 0.71267 0.44452 0.71277 0.44452 0.71754 0.42162 0.71745 0.42147 0.71096 0.31692 0.71148 0.31715 0.71766 0.28538 0.71728 0.28532 0.44776 0.46360 0.44741
2 0.50087 0.81989 0.47639 0.81953 0.47579 0.43996 0.51498 0.44006 0.51481 0.43278 0.66042 0.43334 0.66025 0.67837 0.59407 0.67688 0.59438 0.81918 0.58800 0.81948 0.58783 0.81160 0.50052 0.81221
1 0.89016 0.98065 0.83877 0.98125 0.83908 0.97458 0.73428 0.97431 0.73441 0.98054 0.70674 0.98021 0.70664 0.71155 0.89090 0.71106 0.89080 0.74525 0.88479 0.74500 0.88479 0.84762 0.89080 0.84757
4 0.97418 0.89978 0.89691 0.89957 0.89687 0.71222 0.97464 0.71116
12 0.46919 0.81965 0.44162 0.81984 0.44136 0.71994 0.46937 0.72059
1 0.90581 0.32969 0.67535 0.32977 0.67496 0.06787 0.90594 0.06737 0.90527 0.19774 0.89948 0.19463 0.89952 0.31238 0.90594 0.31275
12 0.98397 0.18398 0.91166 0.18398 0.91177 0.06822 0.98442 0.06779
10 0.69443 0.81988 0.65548 0.81972 0.65548 0.77605 0.69457 0.77570
12 0.27336 0.68630 0.25161 0.68664 0.21680 0.64244 0.21669 0.44134 0.27342 0.44162
12 0.21416 0.63924 0.12438 0.52544 0.19115 0.44110 0.21456 0.44126
12 0.37655 0.29142 0.25574 0.29258 0.25588 0.23564 0.37649 0.23589
10 0.41392 0.22006 0.26549 0.21930 0.26525 0.02143 0.41376 0.02143
11 0.13861 0.24233 0.01659 0.24246 0.01622 0.02179 0.13861 0.02095
9 0.12324 0.52352 0.05467 0.43687 0.15111 0.31466 0.15100 0.02016 0.25356 0.02045 0.25424 0.29529 0.27362 0.29515 0.27351 0.43845 0.19021 0.43860
3 0.38197 0.43185 0.28563 0.43257 0.28529 0.42942 0.28223 0.42913 0.28133 0.34464 0.28529 0.34421 0.28507 0.30677 0.38276 0.30720
12 0.44768 0.30244 0.38874 0.30305 0.38850 0.23510 0.42596 0.23510 0.42588 0.06775 0.57533 0.06725 0.57494 0.08867 0.48498 0.08877 0.48491 0.12543 0.43328 0.12543 0.43312 0.21797 0.44752 0.21797
5 0.57324 0.20752 0.44142 0.20773 0.44115 0.13516 0.49334 0.13523 0.49318 0.09871 0.57428 0.09884
7 0.66266 0.25250 0.59731 0.25298 0.59750 0.20875 0.58239 0.20875 0.58276 0.06793 0.66294 0.06769
5 0.58768 0.32883 0.45579 0.32884 0.45524 0.21957 0.58824 0.22046
0 0.38242 0.43191 0.66042 0.43334 0.66072 0.67830 0.70658 0.67823 0.70653 0.69470 0.88727 0.69528 0.88727 0.70264 0.90587 0.70308 0.90610 0.65202 0.89960 0.65245 0.89942 0.38887 0.90604 0.38902 0.90581 0.34540 0.66243 0.34482 0.66283 0.26430 0.59739 0.26452 0.59739 0.34540 0.44592 0.34489 0.44597 0.31312 0.38903 0.31232 0.38903 0.34482 0.38270 0.34482
