12 0.31512 0.55377 0.30079 0.55320 0.30079 0.51670 0.31523 0.51627
1 0.94595 0.94666 0.93224 0.94613 0.93224 0.93436 0.88546 0.93473 0.88552 0.94631 0.87187 0.94648 0.87187 0.63402 0.94583 0.63546
1 0.76952 0.96793 0.75052 0.96814 0.75076 0.95579 0.70418 0.95642 0.70394 0.96836 0.68150 0.96845 0.68150 0.73497 0.76952 0.73423
10 0.95258 0.32644 0.83799 0.32644 0.83792 0.11215 0.95215 0.11264
9 0.98959 0.47112 0.90521 0.47112 0.90554 0.34294 0.95799 0.34424 0.95808 0.24081 0.96934 0.24055 0.96912 0.11311 0.98962 0.11264
9 0.13614 0.40273 0.09564 0.40296 0.09553 0.36787 0.01549 0.36787 0.01538 0.25215 0.09262 0.25158 0.09255 0.21235 0.13599 0.21350
0 0.87043 0.96837 0.85597 0.96888 0.85597 0.95631 0.78622 0.95618 0.78622 0.96800 0.77523 0.96938 0.77527 0.72500 0.74654 0.72550 0.74630 0.63893 0.77535 0.63931 0.77531 0.49230 0.86697 0.49422 0.86719 0.93739 0.87065 0.93717
1 0.31409 0.92871 0.29136 0.92898 0.29119 0.91616 0.24494 0.91716 0.24500 0.92838 0.22601 0.92769 0.22597 0.65521 0.31372 0.65554
6 0.76942 0.37038 0.72267 0.37017 0.72297 0.34536 0.72672 0.34557 0.72631 0.28285 0.72256 0.28222 0.72246 0.27584 0.76935 0.27688
12 0.22297 0.36478 0.21199 0.36510 0.21188 0.26961 0.22289 0.26976
11 0.14997 0.19520 0.09241 0.19532 0.09266 0.03304 0.15004 0.03338
3 0.14163 0.55164 0.13084 0.55180 0.13100 0.56055 0.10297 0.56072 0.10264 0.41969 0.14153 0.42018
1 0.24976 0.55213 0.22640 0.55146 0.22614 0.26954 0.23365 0.26934 0.23371 0.26111 0.27390 0.25812 0.27444 0.27073 0.31062 0.26915 0.31019 0.25897 0.31403 0.25897 0.31402 0.50840 0.24938 0.50770
5 0.92659 0.62262 0.87010 0.62334 0.87052 0.50448 0.92653 0.50538
5 0.30799 0.64577 0.25240 0.64577 0.25218 0.51846 0.29617 0.51928 0.29604 0.55094 0.28507 0.55190 0.28516 0.56553 0.30825 0.56553
12 0.69559 0.63257 0.68171 0.63329 0.68159 0.59548 0.69506 0.59530
3 0.90019 0.47017 0.86652 0.47060 0.86652 0.48320 0.83912 0.48320 0.83841 0.34424 0.90019 0.34359
12 0.04139 0.40252 0.01834 0.40298 0.01837 0.37689 0.04142 0.37652
12 0.09253 0.40254 0.06943 0.40300 0.06948 0.37639 0.09238 0.37646
5 0.09957 0.63876 0.05977 0.63859 0.05961 0.46155 0.09967 0.46155
6 0.26907 0.24981 0.24044 0.24965 0.24044 0.10102 0.26912 0.10052
2 0.22136 0.56216 0.15926 0.56121 0.15926 0.55123 0.14379 0.55075 0.14394 0.42947 0.14100 0.42899 0.14124 0.25372 0.15535 0.25301 0.15607 0.10046 0.16354 0.09992 0.16372 0.11222 0.20968 0.11113 0.20977 0.10102 0.23742 0.09992 0.23760 0.26065 0.20705 0.26252 0.20798 0.37453 0.22128 0.37573
12 0.08695 0.23404 0.07846 0.23431 0.07824 0.03299 0.08677 0.03313
12 0.96629 0.23158 0.95820 0.23196 0.95828 0.11298 0.96597 0.11298
5 0.74266 0.72379 0.68770 0.72364 0.68765 0.64238 0.71035 0.64222 0.71050 0.63076 0.69873 0.63001 0.69863 0.59653 0.74291 0.59699
12 0.14994 0.23461 0.13883 0.23414 0.13887 0.21281 0.14991 0.21316
10 0.07491 0.23559 0.01068 0.23400 0.01105 0.03262 0.07528 0.03262
12 0.06646 0.40248 0.04469 0.40202 0.04460 0.37638 0.06643 0.37657
1 0.12678 0.92812 0.11566 0.92844 0.11566 0.91507 0.06974 0.91507 0.06974 0.92844 0.05836 0.92762 0.05857 0.65647 0.12690 0.65699
12 0.94583 0.62513 0.93091 0.62534 0.93061 0.48839 0.94580 0.48765
12 0.10007 0.45285 0.05835 0.45219 0.05829 0.41916 0.10013 0.41967
2 0.83592 0.49308 0.77526 0.49199 0.77502 0.26655 0.72678 0.26746 0.72695 0.19418 0.72289 0.19526 0.72283 0.11258 0.81450 0.11168 0.81450 0.17826 0.83221 0.17663 0.83245 0.34381 0.83655 0.34480
0 0.22171 0.92878 0.21061 0.92925 0.21031 0.91672 0.14126 0.91694 0.14134 0.92834 0.13001 0.92811 0.13004 0.64785 0.10319 0.64826 0.10328 0.56142 0.24949 0.56101 0.24918 0.64826 0.22179 0.64785
1 0.76935 0.63099 0.74644 0.63026 0.74640 0.58597 0.68157 0.58639 0.68157 0.36881 0.68603 0.36881 0.68603 0.37907 0.71773 0.37929 0.71749 0.36839 0.72260 0.36850 0.72260 0.37017 0.72560 0.37059 0.72587 0.38012 0.76925 0.38033
