2 0.69360 0.48178 0.77286 0.48209 0.77279 0.73536 0.69851 0.73629 0.69870 0.66574 0.69372 0.66495
7 0.90258 0.44638 0.95213 0.44659 0.95191 0.60198 0.90272 0.60198
1 0.11612 0.61746 0.11615 0.75360 0.18094 0.75368 0.18076 0.61839
3 0.80423 0.25789 0.85425 0.25763 0.85424 0.32598 0.83703 0.32600 0.83706 0.33426 0.85910 0.33295 0.85913 0.41749 0.85422 0.41779 0.85416 0.43973 0.79966 0.43988 0.79969 0.33448 0.81750 0.33464 0.81753 0.32608 0.80278 0.32598 0.80273 0.29246 0.80418 0.29246
1 0.95195 0.61015 0.95214 0.85798 0.95119 0.85816 0.94983 0.85816 0.94766 0.85816 0.89787 0.85779 0.89780 0.84262 0.86585 0.84390 0.86583 0.61037
4 0.26122 0.25083 0.26124 0.31946 0.20827 0.31955 0.20827 0.25083
1 0.71927 0.29272 0.71937 0.46728 0.76982 0.46606 0.76975 0.29227
5 0.28827 0.28230 0.32191 0.28242 0.32166 0.38549 0.27165 0.38461 0.27153 0.31797 0.28825 0.31759
4 0.68836 0.61401 0.66277 0.61401 0.66277 0.80709 0.67051 0.80709 0.67051 0.82273 0.66267 0.82282 0.66259 0.88714 0.68836 0.88714
4 0.69419 0.90463 0.79909 0.90463 0.79922 0.97307 0.69417 0.97345
9 0.86163 0.42670 0.89914 0.42640 0.89908 0.33378 0.98979 0.33434 0.98969 0.21605 0.86157 0.21631
11 0.10279 0.22357 0.10179 0.22509 0.08591 0.22437 0.08612 0.24526 0.05793 0.24508 0.05792 0.22364 0.04140 0.22456 0.04138 0.09486 0.10258 0.09436
0 0.77319 0.73629 0.77280 0.29232 0.79959 0.29202 0.79931 0.61025 0.86276 0.61068 0.86249 0.68208 0.79907 0.68042 0.79941 0.87671 0.69333 0.87749 0.69347 0.76285 0.69866 0.76311 0.69851 0.73633
1 0.74968 0.07497 0.80094 0.07471 0.80115 0.28391 0.75060 0.28422
12 0.10389 0.37667 0.16854 0.37675 0.16843 0.38704 0.18068 0.38719 0.18076 0.42022 0.10390 0.42015
1 0.04790 0.61761 0.11320 0.61843 0.11327 0.75377 0.04789 0.75333
5 0.86059 0.44629 0.89890 0.44603 0.89904 0.60005 0.86038 0.60024
4 0.71467 0.07729 0.74003 0.07764 0.74008 0.26477 0.71464 0.26473
12 0.80279 0.44897 0.85711 0.44883 0.85698 0.48677 0.80280 0.48680
10 0.83582 0.02898 0.95901 0.02889 0.95908 0.19393 0.83576 0.19411
2 0.16906 0.37742 0.16908 0.34777 0.26523 0.34809 0.26531 0.53694 0.18622 0.53752 0.18671 0.37737
5 0.12927 0.42809 0.18074 0.42819 0.18080 0.52877 0.12924 0.52866
12 0.85430 0.21307 0.85424 0.24887 0.80421 0.24900 0.80421 0.21281
4 0.28447 0.78186 0.28445 0.85022 0.18675 0.85036 0.18672 0.78175
12 0.27108 0.28251 0.28549 0.28207 0.28548 0.30970 0.27105 0.30968
4 0.29040 0.63657 0.36176 0.63688 0.36168 0.70537 0.29044 0.70510
12 0.26640 0.18713 0.27972 0.18744 0.27972 0.25745 0.26456 0.25719 0.26448 0.25071 0.26632 0.25071
1 0.27130 0.39502 0.36286 0.39406 0.36293 0.60845 0.27100 0.60822
4 0.32526 0.18737 0.36171 0.18726 0.36171 0.25638 0.32517 0.25650
7 0.32529 0.28413 0.36304 0.28409 0.36276 0.39415 0.32516 0.39459
4 0.68365 0.28113 0.70884 0.28125 0.70913 0.46617 0.68346 0.46630
5 0.85698 0.49541 0.85697 0.60165 0.80288 0.60183 0.80279 0.49549
9 0.10239 0.24712 0.10244 0.36338 0.01061 0.36415 0.01084 0.24496
4 0.80501 0.87119 0.90478 0.87124 0.90472 0.94041 0.80513 0.94055
1 0.86248 0.69070 0.86253 0.84350 0.80491 0.84359 0.80502 0.69102
4 0.16454 0.25083 0.20239 0.25083 0.20240 0.31932 0.16463 0.31932
4 0.66264 0.52603 0.68838 0.52598 0.68841 0.59815 0.66277 0.59815
12 0.68872 0.48195 0.68875 0.51709 0.66277 0.51722 0.66275 0.46904 0.67747 0.46960 0.67757 0.48186
12 0.78423 0.02870 0.82741 0.02857 0.82744 0.19427 0.81217 0.19423 0.81214 0.05179 0.78421 0.05179
12 0.04381 0.37606 0.06384 0.37579 0.06368 0.52899 0.04378 0.52888
12 0.95197 0.87124 0.95198 0.94046 0.90829 0.94018 0.90825 0.87111
3 0.10055 0.37663 0.10084 0.45778 0.10398 0.45794 0.10393 0.42944 0.12610 0.42929 0.12610 0.52908 0.10393 0.52892 0.10393 0.50013 0.10084 0.49997 0.10084 0.53693 0.06713 0.53678 0.06719 0.37623
0 0.04375 0.53755 0.26528 0.53724 0.26545 0.61612 0.28568 0.61594 0.28567 0.75399 0.18639 0.75325 0.18659 0.60810 0.04381 0.60936
12 0.32144 0.18687 0.32122 0.25671 0.28288 0.25622 0.28284 0.18669
4 0.18073 0.78184 0.04477 0.78168 0.04474 0.85050 0.18078 0.85038
