9 0.74767 0.24063 0.97613 0.24063 0.97623 0.33052 0.68966 0.33060 0.68952 0.40400 0.58545 0.40373 0.58503 0.21794 0.74734 0.21746
12 0.76331 0.02611 0.79190 0.02631 0.79180 0.22380 0.76336 0.22366
10 0.79920 0.02611 0.97664 0.02598 0.97575 0.22354 0.79980 0.22434
12 0.69777 0.33964 0.84728 0.33963 0.84723 0.40386 0.69802 0.40353
12 0.85575 0.33970 0.85583 0.40388 0.97625 0.40414 0.97589 0.33968
12 0.72759 0.46401 0.84390 0.46366 0.84417 0.42098 0.72778 0.42071
5 0.72771 0.47280 0.83870 0.47248 0.83852 0.64597 0.72761 0.64634
1 0.72762 0.65456 0.84404 0.65445 0.84396 0.87370 0.81244 0.87378 0.81244 0.86086 0.68448 0.86105 0.68442 0.87394 0.65222 0.87420 0.65237 0.65440 0.71944 0.65447 0.71952 0.70119 0.72784 0.70103
12 0.21472 0.60937 0.24949 0.60937 0.24948 0.64621 0.21484 0.64632
12 0.06200 0.60911 0.06242 0.64628 0.02424 0.64617 0.02436 0.60970
7 0.02425 0.45866 0.14038 0.45804 0.14129 0.65395 0.07014 0.65433 0.07032 0.60043 0.02422 0.60033
5 0.14430 0.45753 0.24935 0.45791 0.24944 0.52747 0.14373 0.52793
5 0.14380 0.53128 0.24958 0.53112 0.24943 0.60055 0.14363 0.60076
7 0.02444 0.44932 0.13992 0.44893 0.13992 0.19252 0.02448 0.19252
1 0.14804 0.19257 0.17916 0.19257 0.17970 0.20501 0.30751 0.20508 0.30765 0.19202 0.38118 0.19246 0.38138 0.42042 0.33864 0.42042 0.33919 0.54509 0.25747 0.54533 0.25752 0.44958 0.14801 0.44981
2 0.39638 0.19255 0.43990 0.19219 0.44016 0.20506 0.51156 0.20506 0.51148 0.19247 0.56915 0.19215 0.56935 0.41968 0.51586 0.41935 0.51599 0.55349 0.34756 0.55335 0.34756 0.42887 0.43804 0.42921 0.43804 0.41978 0.39700 0.42031
12 0.52366 0.42953 0.56362 0.42985 0.56379 0.42127 0.59807 0.42099 0.59824 0.54502 0.52370 0.54493
1 0.14895 0.60918 0.20690 0.60944 0.20690 0.65498 0.33211 0.65431 0.33168 0.87340 0.27946 0.87376 0.27937 0.86080 0.08781 0.86099 0.08789 0.87376 0.02472 0.87366 0.02437 0.65495 0.14916 0.65462
0 0.25741 0.55340 0.72002 0.55361 0.71993 0.64595 0.64445 0.64606 0.64507 0.87326 0.61294 0.87366 0.61294 0.86090 0.37897 0.86059 0.37863 0.87357 0.34795 0.87375 0.34777 0.64576 0.25724 0.64624
3 0.60543 0.42079 0.60596 0.54312 0.69156 0.54344 0.69135 0.54523 0.71978 0.54527 0.71976 0.42065
4 0.02448 0.89047 0.84403 0.89054 0.84403 0.97438 0.02449 0.97429
4 0.37592 0.07385 0.37548 0.17552 0.56936 0.17584 0.56936 0.07353
11 0.58456 0.02635 0.58485 0.20068 0.74747 0.20084 0.74759 0.02611
6 0.02399 0.09072 0.12947 0.09110 0.12983 0.17532 0.02451 0.17532
4 0.13715 0.09117 0.33904 0.09128 0.33945 0.17569 0.13715 0.17558
12 0.34722 0.09118 0.36496 0.09127 0.36530 0.07371 0.36774 0.07372 0.36820 0.17563 0.34701 0.17585
