2 0.72989 0.67893 0.73041 0.71086 0.72240 0.71174 0.72343 0.75254 0.74927 0.75283 0.74953 0.79333 0.73377 0.79215 0.73428 0.83738 0.84255 0.83708 0.84255 0.74249 0.84565 0.74249 0.84616 0.77855 0.87433 0.77944 0.87433 0.67834
12 0.94769 0.73004 0.94782 0.73845 0.94096 0.73888 0.94096 0.75214 0.97361 0.75242 0.97336 0.73546 0.96676 0.73545 0.96650 0.72989
5 0.16182 0.69233 0.16224 0.77986 0.20661 0.78010 0.20645 0.72524 0.19709 0.72493 0.19709 0.69249
5 0.94135 0.10183 0.94110 0.13149 0.92777 0.13149 0.92814 0.18281 0.97325 0.18252 0.97312 0.10255
12 0.84565 0.12881 0.84578 0.13779 0.87456 0.13850 0.87469 0.12909
0 0.74913 0.18352 0.74913 0.32648 0.88400 0.32719 0.88357 0.21271 0.92443 0.21257 0.92381 0.14045 0.87845 0.13996 0.87823 0.17358 0.87439 0.17394 0.87460 0.14233 0.84596 0.14212 0.84543 0.17334 0.84282 0.17334 0.84273 0.18284
12 0.88896 0.01532 0.88867 0.06954 0.98705 0.06920 0.98661 0.01497
5 0.66653 0.14638 0.66674 0.16042 0.63983 0.16091 0.64004 0.19047 0.72380 0.19022 0.72315 0.14711
2 0.72989 0.02460 0.73041 0.05653 0.72240 0.05742 0.72343 0.09821 0.74927 0.09851 0.74953 0.13901 0.73377 0.13783 0.73428 0.18306 0.84255 0.18276 0.84255 0.08816 0.84565 0.08816 0.84616 0.12423 0.87433 0.12511 0.87433 0.02401
12 0.94769 0.07571 0.94782 0.08413 0.94096 0.08455 0.94096 0.09781 0.97361 0.09810 0.97336 0.08113 0.96676 0.08113 0.96650 0.07557
1 0.03417 0.14541 0.03411 0.18995 0.04916 0.18984 0.04922 0.19350 0.03336 0.19328 0.03439 0.30726 0.12870 0.30751 0.12934 0.17892 0.10480 0.17867 0.10480 0.19345 0.07827 0.19361 0.07854 0.18995 0.10076 0.19012 0.10042 0.14597
1 0.29354 0.17534 0.29328 0.19721 0.25530 0.19781 0.25530 0.30719 0.34212 0.30719 0.34186 0.17534
0 0.28855 0.19328 0.28855 0.12282 0.21814 0.12233 0.21878 0.15509 0.13981 0.15505 0.13985 0.15884 0.11091 0.15879 0.11127 0.17479 0.14012 0.17438 0.14039 0.30704 0.25214 0.30704 0.25235 0.19323
12 0.30302 0.03868 0.31994 0.03875 0.32001 0.03328 0.33888 0.03334 0.33920 0.07341 0.30278 0.07372
2 0.11230 0.04304 0.11081 0.15457 0.21797 0.15500 0.21760 0.12206 0.23939 0.12187 0.23917 0.04346
12 0.03669 0.03856 0.06396 0.03835 0.06380 0.03298 0.08280 0.03301 0.08285 0.03847 0.09801 0.03870 0.09769 0.13053 0.03686 0.13053
3 0.25797 0.04895 0.25797 0.05648 0.24257 0.05664 0.24242 0.12217 0.28947 0.12236 0.28937 0.04929
5 0.29384 0.08261 0.29428 0.16319 0.34161 0.16302 0.34182 0.11577 0.32589 0.11603 0.32561 0.08321
12 0.32973 0.08235 0.32973 0.11115 0.34199 0.11115 0.34199 0.08221
1 0.03944 0.69199 0.03933 0.82386 0.15157 0.82361 0.15082 0.69205
5 0.66653 0.80070 0.66674 0.81474 0.63983 0.81523 0.64004 0.84479 0.72380 0.84455 0.72315 0.80144
1 0.61692 0.84962 0.61630 0.98194 0.73877 0.98087 0.73784 0.84997
12 0.88896 0.66964 0.88867 0.72387 0.98705 0.72353 0.98661 0.66929
0 0.74913 0.83784 0.74913 0.98080 0.88400 0.98151 0.88357 0.86704 0.92443 0.86689 0.92381 0.79478 0.87845 0.79428 0.87823 0.82791 0.87439 0.82826 0.87460 0.79666 0.84596 0.79644 0.84543 0.82766 0.84282 0.82766 0.84273 0.83717
12 0.84565 0.78313 0.84578 0.79211 0.87456 0.79282 0.87469 0.78341
5 0.94135 0.75616 0.94110 0.78581 0.92777 0.78581 0.92814 0.83713 0.97325 0.83685 0.97312 0.75687
1 0.61745 0.67789 0.61683 0.81021 0.66209 0.81056 0.66241 0.78856 0.72022 0.78791 0.72219 0.78832 0.74875 0.78894 0.74911 0.75527 0.72058 0.75527 0.71914 0.67911
1 0.88706 0.87056 0.88641 0.98142 0.97361 0.98142 0.97339 0.84962 0.92689 0.84889 0.92753 0.87081
3 0.92432 0.79325 0.87827 0.79378 0.87836 0.73941 0.89197 0.73947 0.89184 0.72785 0.92370 0.72800 0.92348 0.73884 0.93705 0.73884 0.93791 0.78170 0.92450 0.78170
12 0.61657 0.81450 0.61636 0.84529 0.63703 0.84529 0.63703 0.81474
1 0.20425 0.86736 0.20476 0.98590 0.30010 0.98590 0.30016 0.88001 0.26553 0.87962 0.26535 0.88906 0.26223 0.88905 0.26212 0.86729
0 0.01350 0.82807 0.01307 0.98548 0.12116 0.98548 0.12101 0.86373 0.26580 0.86573 0.26530 0.87557 0.30057 0.87542 0.30009 0.78003 0.26499 0.78028 0.26585 0.81329 0.23398 0.81353 0.23420 0.82782 0.23033 0.82807 0.23011 0.78421 0.16121 0.78446 0.16164 0.82807
12 0.21071 0.72947 0.21049 0.78079 0.23054 0.78070 0.23054 0.72956
12 0.31809 0.71976 0.31840 0.72549 0.31686 0.72548 0.31701 0.73814 0.35335 0.73831 0.35335 0.79801 0.39731 0.79801 0.39701 0.72941 0.39058 0.72941 0.38998 0.71932 0.37129 0.71932 0.37099 0.72993 0.33740 0.72976 0.33705 0.71966
5 0.34904 0.82259 0.30468 0.82288 0.30468 0.77212 0.31726 0.77212 0.31764 0.74275 0.34904 0.74290
3 0.26510 0.72936 0.26510 0.74639 0.26231 0.74674 0.26199 0.72936 0.23347 0.72901 0.23347 0.80918 0.26323 0.80918 0.26261 0.77938 0.30088 0.77973 0.30075 0.76747 0.31346 0.76732 0.31315 0.72936
1 0.36033 0.81255 0.36007 0.83472 0.30401 0.83561 0.30401 0.95917 0.39961 0.95917 0.39986 0.81284
12 0.20103 0.69624 0.20103 0.72058 0.20976 0.72058 0.20983 0.69616
2 0.19434 0.98524 0.12210 0.98559 0.12148 0.86498 0.20317 0.86595 0.20361 0.90857 0.19435 0.90882
1 0.61745 0.02356 0.61683 0.15589 0.66209 0.15624 0.66241 0.13424 0.72022 0.13359 0.72219 0.13400 0.74875 0.13462 0.74911 0.10095 0.72058 0.10095 0.71914 0.02479
1 0.88706 0.21624 0.88641 0.32709 0.97361 0.32709 0.97339 0.19530 0.92689 0.19456 0.92753 0.21649
3 0.92432 0.13892 0.87827 0.13945 0.87836 0.08509 0.89197 0.08514 0.89184 0.07352 0.92370 0.07368 0.92348 0.08451 0.93705 0.08451 0.93791 0.12738 0.92450 0.12738
12 0.61657 0.16017 0.61636 0.19096 0.63703 0.19096 0.63703 0.16042
1 0.61692 0.19529 0.61630 0.32761 0.73877 0.32655 0.73784 0.19565
