5 0.69004 0.94221 0.70876 0.93330 0.70213 0.91632 0.68357 0.92528
1 0.78691 0.85527 0.78696 0.90702 0.82010 0.90670 0.82016 0.84655 0.81692 0.84657 0.81693 0.84843 0.80329 0.84840 0.80333 0.84655 0.79897 0.84655 0.79896 0.85523
3 0.65870 0.85805 0.66899 0.88588 0.68685 0.87733 0.67657 0.84958
3 0.76810 0.88415 0.76818 0.90655 0.77264 0.90642 0.77266 0.90806 0.78568 0.90798 0.78565 0.85523 0.77127 0.85523 0.77127 0.88407
3 0.66872 0.88778 0.67364 0.90137 0.67490 0.90081 0.67658 0.90505 0.69511 0.89618 0.69349 0.89181 0.71045 0.88417 0.70523 0.87030
1 0.77775 0.92654 0.77778 0.93865 0.79903 0.93876 0.79897 0.92656
12 0.71485 0.88722 0.72545 0.91599 0.73712 0.91025 0.72651 0.88174
1 0.60016 0.88578 0.64267 0.86575 0.65813 0.90700 0.63813 0.91689 0.63535 0.90966 0.61312 0.92046 0.61113 0.91570 0.61269 0.91501 0.60349 0.88991 0.60188 0.89060
0 0.76268 0.91012 0.76284 0.92485 0.81238 0.92485 0.81246 0.98642 0.81588 0.98642 0.81588 0.98451 0.85846 0.98456 0.85842 0.98642 0.86550 0.98642 0.86531 0.91026
5 0.88020 0.91854 0.88020 0.92956 0.89632 0.92965 0.89636 0.91860
12 0.68125 0.83893 0.69206 0.83384 0.69990 0.85494 0.69825 0.85561 0.70239 0.86677 0.70368 0.86618 0.70468 0.86873 0.68814 0.87677 0.67798 0.84913 0.68387 0.84633
1 0.74331 0.92649 0.74323 0.93876 0.76448 0.93876 0.76451 0.92658
5 0.68670 0.90301 0.69297 0.91999 0.70189 0.91559 0.69556 0.89870
1 0.74337 0.94032 0.74327 0.98654 0.74794 0.98643 0.74797 0.98474 0.77155 0.98470 0.77152 0.98650 0.77632 0.98641 0.77645 0.92639 0.76594 0.92646 0.76594 0.94039
12 0.69340 0.94241 0.70917 0.93496 0.70919 0.94251
12 0.73930 0.83635 0.73928 0.85174 0.74311 0.84999 0.74314 0.83641
12 0.72800 0.88077 0.73856 0.90961 0.74052 0.90872 0.74061 0.87534 0.73973 0.87531
4 0.89821 0.84652 0.89824 0.86550 0.91608 0.86547 0.91608 0.84661
12 0.74212 0.87520 0.74216 0.88100 0.75076 0.88093 0.75076 0.87534
12 0.74338 0.88411 0.74341 0.89487 0.76265 0.89496 0.76257 0.90691 0.76687 0.90681 0.76679 0.88415
1 0.69048 0.94418 0.69027 0.98641 0.69348 0.98649 0.69350 0.98462 0.73372 0.98457 0.73372 0.98647 0.74040 0.98656 0.74047 0.93545 0.71069 0.93535 0.71054 0.94402
12 0.68338 0.77354 0.68520 0.77866 0.69209 0.77546 0.69025 0.77032
5 0.67723 0.90757 0.68355 0.92442 0.69248 0.92016 0.68623 0.90320
4 0.70014 0.85175 0.71733 0.84350 0.71110 0.82647 0.69388 0.83473
12 0.65362 0.78791 0.65502 0.79156 0.66433 0.78725 0.66486 0.78845 0.67255 0.78478 0.67075 0.77974
0 0.03239 0.83100 0.08811 0.80455 0.14055 0.94492 0.14045 0.98647 0.13816 0.98658 0.13805 0.98455 0.09787 0.98460 0.09787 0.98647 0.09014 0.98652 0.08828 0.98191 0.08976 0.98097 0.08428 0.96646 0.08298 0.96713 0.08218 0.96512 0.12596 0.94407 0.09552 0.86203 0.05170 0.88334 0.04995 0.87837 0.05136 0.87765 0.03562 0.83509 0.03408 0.83584
12 0.19593 0.88411 0.19596 0.89487 0.21520 0.89496 0.21512 0.90691 0.21942 0.90681 0.21933 0.88415
12 0.19467 0.87520 0.19471 0.88100 0.20330 0.88093 0.20330 0.87534
12 0.19185 0.83635 0.19182 0.85174 0.19566 0.84999 0.19569 0.83641
5 0.33274 0.90693 0.33274 0.91798 0.34889 0.91796 0.34891 0.90693
12 0.18054 0.88077 0.19110 0.90961 0.19307 0.90872 0.19316 0.87534 0.19228 0.87531
12 0.16739 0.88722 0.17800 0.91599 0.18967 0.91025 0.17906 0.88174
5 0.14259 0.94221 0.16130 0.93330 0.15468 0.91632 0.13612 0.92528
12 0.31931 0.84651 0.31942 0.85487 0.32663 0.85472 0.32667 0.84657
3 0.12127 0.88778 0.12619 0.90137 0.12744 0.90081 0.12913 0.90505 0.14765 0.89618 0.14604 0.89181 0.16300 0.88417 0.15777 0.87030
1 0.14302 0.94418 0.14282 0.98641 0.14603 0.98649 0.14604 0.98462 0.18626 0.98457 0.18626 0.98647 0.19295 0.98656 0.19302 0.93545 0.16324 0.93535 0.16308 0.94402
1 0.01264 0.77801 0.01632 0.78796 0.01790 0.78742 0.02978 0.81908 0.02824 0.82010 0.03126 0.82829 0.08610 0.80189 0.06748 0.75182
5 0.13924 0.90301 0.14552 0.91999 0.15443 0.91559 0.14811 0.89870
3 0.11125 0.85805 0.12153 0.88588 0.13940 0.87733 0.12912 0.84958
4 0.35076 0.84652 0.35079 0.86550 0.36862 0.86547 0.36862 0.84661
5 0.07673 0.77188 0.08750 0.80096 0.10595 0.79230 0.10397 0.78685 0.11328 0.78242 0.10439 0.75880
3 0.14796 0.89296 0.16325 0.88558 0.17474 0.91598 0.15913 0.92331
5 0.33275 0.91854 0.33275 0.92956 0.34887 0.92965 0.34890 0.91860
11 0.19192 0.80853 0.19185 0.83313 0.21770 0.83313 0.21768 0.80859
1 0.05271 0.88578 0.09522 0.86575 0.11068 0.90700 0.09068 0.91689 0.08790 0.90966 0.06567 0.92046 0.06368 0.91570 0.06523 0.91501 0.05603 0.88991 0.05442 0.89060
12 0.10847 0.76464 0.11485 0.78198 0.12405 0.77763 0.12643 0.78407 0.13649 0.77925 0.13411 0.77277 0.14218 0.76889 0.14156 0.76733 0.14017 0.76803 0.13474 0.75336 0.13625 0.75270 0.13578 0.75155
12 0.14595 0.94241 0.16171 0.93496 0.16173 0.94251
4 0.15268 0.85175 0.16987 0.84350 0.16365 0.82647 0.14642 0.83473
2 0.08814 0.80451 0.10528 0.85052 0.10802 0.84904 0.11080 0.85638 0.13444 0.84520 0.13176 0.83742 0.14268 0.83252 0.14313 0.83394 0.16294 0.82449 0.15907 0.81428 0.15759 0.81507 0.14824 0.78983 0.14989 0.78911 0.14524 0.77697
1 0.19586 0.92649 0.19578 0.93876 0.21702 0.93876 0.21706 0.92658
3 0.22065 0.88415 0.22072 0.90655 0.22519 0.90642 0.22521 0.90806 0.23823 0.90798 0.23819 0.85523 0.22382 0.85523 0.22382 0.88407
0 0.21523 0.91012 0.21539 0.92485 0.26493 0.92485 0.26500 0.98642 0.26843 0.98642 0.26843 0.98451 0.31100 0.98456 0.31097 0.98642 0.31805 0.98642 0.31785 0.91026
1 0.32053 0.91135 0.32057 0.98641 0.32533 0.98645 0.32532 0.98475 0.35555 0.98472 0.35562 0.98641 0.36861 0.98649 0.36861 0.93168 0.33089 0.93163 0.33094 0.91137
10 0.23345 0.79273 0.23345 0.83638 0.24872 0.83638 0.24874 0.79289
9 0.21712 0.77225 0.21706 0.79065 0.22050 0.79065 0.22039 0.83638 0.19720 0.83654 0.19720 0.85116 0.16052 0.86882 0.16669 0.88559 0.19209 0.87339 0.20496 0.87349 0.20496 0.88101 0.22106 0.88107 0.22106 0.85208 0.24871 0.85198 0.24871 0.83638 0.23344 0.83638 0.23344 0.79270 0.24871 0.79283 0.24860 0.77231
7 0.09845 0.73702 0.10768 0.76366 0.13527 0.75001 0.13281 0.74329 0.13110 0.74370 0.12713 0.73284 0.12857 0.73207 0.12557 0.72412
12 0.10616 0.78791 0.10757 0.79156 0.11688 0.78725 0.11741 0.78845 0.12510 0.78478 0.12330 0.77974
12 0.16345 0.92477 0.16595 0.93173 0.19307 0.93160 0.19307 0.91054
5 0.36694 0.90670 0.36696 0.92974 0.34952 0.92999 0.34937 0.90670
1 0.23029 0.92654 0.23033 0.93865 0.25158 0.93876 0.25152 0.92656
5 0.06869 0.75113 0.07608 0.77011 0.10384 0.75688 0.09693 0.73805
12 0.32852 0.84655 0.32838 0.88049 0.34784 0.88040 0.34776 0.86854 0.34952 0.86854 0.34943 0.84649 0.34416 0.84652 0.34419 0.84849 0.33049 0.84842 0.33049 0.84652
1 0.23945 0.85527 0.23951 0.90702 0.27265 0.90670 0.27271 0.84655 0.26946 0.84657 0.26948 0.84843 0.25584 0.84840 0.25587 0.84655 0.25152 0.84655 0.25150 0.85523
5 0.12977 0.90757 0.13610 0.92442 0.14503 0.92016 0.13878 0.90320
12 0.32822 0.88236 0.32820 0.90973 0.33108 0.90973 0.33098 0.88236
2 0.27419 0.84655 0.27410 0.91007 0.31772 0.91028 0.31774 0.90948 0.32538 0.90961 0.32545 0.86848 0.32680 0.86843 0.32669 0.85643 0.31792 0.85648 0.31799 0.84655 0.31121 0.84649 0.31117 0.84847 0.28754 0.84844 0.28757 0.84649
5 0.19698 0.89689 0.19701 0.92482 0.21367 0.92451 0.21360 0.89692
12 0.13593 0.77354 0.13775 0.77866 0.14464 0.77546 0.14280 0.77032
12 0.13380 0.83893 0.14461 0.83384 0.15245 0.85494 0.15080 0.85561 0.15494 0.86677 0.15623 0.86618 0.15723 0.86873 0.14069 0.87677 0.13053 0.84913 0.13642 0.84633
1 0.23023 0.98643 0.23022 0.94039 0.25299 0.94027 0.25295 0.92653 0.26349 0.92649 0.26349 0.98647 0.25876 0.98649 0.25872 0.98477 0.23512 0.98480 0.23516 0.98651
1 0.19592 0.94032 0.19582 0.98654 0.20049 0.98643 0.20052 0.98474 0.22410 0.98470 0.22406 0.98650 0.22887 0.98641 0.22899 0.92639 0.21848 0.92646 0.21848 0.94039
1 0.06609 0.92176 0.08758 0.91131 0.09019 0.91851 0.11125 0.90856 0.12410 0.94330 0.08159 0.96367 0.07979 0.95890 0.08128 0.95791 0.07210 0.93300 0.07056 0.93366
7 0.33233 0.88249 0.33237 0.90493 0.34799 0.90484 0.34795 0.88253
7 0.34943 0.86886 0.34947 0.90472 0.36700 0.90467 0.36676 0.86886
12 0.71090 0.92477 0.71340 0.93173 0.74052 0.93160 0.74052 0.91054
2 0.63560 0.80451 0.65273 0.85052 0.65547 0.84904 0.65825 0.85638 0.68190 0.84520 0.67921 0.83742 0.69014 0.83252 0.69059 0.83394 0.71039 0.82449 0.70652 0.81428 0.70504 0.81507 0.69569 0.78983 0.69735 0.78911 0.69269 0.77697
5 0.61614 0.75113 0.62354 0.77011 0.65130 0.75688 0.64439 0.73805
3 0.69541 0.89296 0.71071 0.88558 0.72219 0.91598 0.70658 0.92331
1 0.61355 0.92176 0.63503 0.91131 0.63765 0.91851 0.65870 0.90856 0.67156 0.94330 0.62905 0.96367 0.62725 0.95890 0.62873 0.95791 0.61955 0.93300 0.61801 0.93366
12 0.65592 0.76464 0.66230 0.78198 0.67150 0.77763 0.67389 0.78407 0.68395 0.77925 0.68156 0.77277 0.68963 0.76889 0.68901 0.76733 0.68762 0.76803 0.68220 0.75336 0.68370 0.75270 0.68323 0.75155
7 0.89688 0.86886 0.89692 0.90472 0.91445 0.90467 0.91421 0.86886
0 0.57984 0.83100 0.63556 0.80455 0.68800 0.94492 0.68790 0.98647 0.68562 0.98658 0.68550 0.98455 0.64532 0.98460 0.64532 0.98647 0.63759 0.98652 0.63573 0.98191 0.63721 0.98097 0.63173 0.96646 0.63044 0.96713 0.62963 0.96512 0.67342 0.94407 0.64297 0.86203 0.59915 0.88334 0.59741 0.87837 0.59881 0.87765 0.58307 0.83509 0.58153 0.83584
10 0.78090 0.79273 0.78090 0.83638 0.79617 0.83638 0.79619 0.79289
12 0.86676 0.84651 0.86688 0.85487 0.87408 0.85472 0.87412 0.84657
5 0.74444 0.89689 0.74446 0.92482 0.76113 0.92451 0.76106 0.89692
7 0.64590 0.73702 0.65514 0.76366 0.68272 0.75001 0.68027 0.74329 0.67856 0.74370 0.67458 0.73284 0.67603 0.73207 0.67302 0.72412
2 0.82164 0.84655 0.82155 0.91007 0.86517 0.91028 0.86520 0.90948 0.87283 0.90961 0.87290 0.86848 0.87425 0.86843 0.87414 0.85643 0.86538 0.85648 0.86545 0.84655 0.85866 0.84649 0.85862 0.84847 0.83500 0.84844 0.83502 0.84649
7 0.87979 0.88249 0.87982 0.90493 0.89544 0.90484 0.89540 0.88253
5 0.91439 0.90670 0.91441 0.92974 0.89698 0.92999 0.89683 0.90670
9 0.76457 0.77225 0.76452 0.79065 0.76795 0.79065 0.76784 0.83638 0.74465 0.83654 0.74465 0.85116 0.70798 0.86882 0.71414 0.88559 0.73955 0.87339 0.75241 0.87349 0.75241 0.88101 0.76852 0.88107 0.76852 0.85208 0.79616 0.85198 0.79616 0.83638 0.78090 0.83638 0.78090 0.79270 0.79616 0.79283 0.79606 0.77231
12 0.87568 0.88236 0.87566 0.90973 0.87853 0.90973 0.87843 0.88236
1 0.77769 0.98643 0.77767 0.94039 0.80044 0.94027 0.80040 0.92653 0.81095 0.92649 0.81095 0.98647 0.80622 0.98649 0.80618 0.98477 0.78258 0.98480 0.78261 0.98651
1 0.86798 0.91135 0.86802 0.98641 0.87279 0.98645 0.87277 0.98475 0.90300 0.98472 0.90308 0.98641 0.91607 0.98649 0.91607 0.93168 0.87834 0.93163 0.87840 0.91137
5 0.88020 0.90693 0.88020 0.91798 0.89634 0.91796 0.89637 0.90693
12 0.87597 0.84655 0.87584 0.88049 0.89529 0.88040 0.89521 0.86854 0.89697 0.86854 0.89689 0.84649 0.89162 0.84652 0.89165 0.84849 0.87795 0.84842 0.87795 0.84652
1 0.56009 0.77801 0.56378 0.78796 0.56535 0.78742 0.57723 0.81908 0.57569 0.82010 0.57871 0.82829 0.63355 0.80189 0.61494 0.75182
5 0.62419 0.77188 0.63495 0.80096 0.65340 0.79230 0.65143 0.78685 0.66073 0.78242 0.65185 0.75880
11 0.73937 0.80853 0.73930 0.83313 0.76516 0.83313 0.76514 0.80859
8 0.15023 0.06838 0.15023 0.13085 0.18521 0.13083 0.18505 0.08728 0.17665 0.08724 0.17662 0.06837
0 0.07391 0.13432 0.07383 0.16460 0.17498 0.16457 0.17498 0.23318 0.19817 0.23315 0.19817 0.22901 0.25160 0.22907 0.25166 0.23325 0.27460 0.23312 0.27463 0.13874 0.18807 0.13904 0.18809 0.13434
1 0.27921 0.14213 0.27921 0.23328 0.29229 0.23311 0.29229 0.22900 0.34580 0.22904 0.34584 0.23320 0.36234 0.23320 0.36226 0.14226
5 0.03747 0.10831 0.03739 0.16396 0.07080 0.16396 0.07050 0.10835
5 0.27979 0.07377 0.27974 0.10431 0.29936 0.10431 0.29928 0.07365
7 0.32318 0.06833 0.32315 0.10166 0.36226 0.10157 0.36234 0.06844
12 0.17925 0.06833 0.17930 0.08465 0.18572 0.08459 0.18574 0.06831
1 0.10404 0.16744 0.10386 0.20488 0.10151 0.20488 0.10151 0.20786 0.10064 0.20786 0.10064 0.23335 0.12063 0.23320 0.12053 0.22903 0.15406 0.22897 0.15415 0.23330 0.17041 0.23325 0.17051 0.16739
12 0.03253 0.08816 0.03258 0.10472 0.07136 0.10472 0.07134 0.08822
3 0.07394 0.08827 0.07375 0.13117 0.10900 0.13121 0.10903 0.08827
4 0.03259 0.21366 0.03256 0.24127 0.09791 0.24120 0.09791 0.21359
5 0.30024 0.07377 0.30032 0.10445 0.31997 0.10436 0.31990 0.07376
6 0.03256 0.24685 0.03251 0.26915 0.05426 0.26912 0.05437 0.24688
1 0.03249 0.16747 0.10140 0.16754 0.10149 0.20784 0.09328 0.20784 0.09322 0.20380 0.05952 0.20380 0.05958 0.20784 0.03256 0.20788
2 0.18832 0.06829 0.18810 0.13902 0.26133 0.13869 0.26133 0.13600 0.27472 0.13593 0.27469 0.08735 0.26775 0.08728 0.26797 0.06837
12 0.27039 0.06837 0.27055 0.08449 0.27668 0.08440 0.27676 0.06840
5 0.27971 0.10545 0.27991 0.13873 0.31964 0.13843 0.31999 0.10545
12 0.80686 0.05441 0.80618 0.05605 0.80620 0.08596 0.86134 0.08585 0.86132 0.08071
12 0.59739 0.07832 0.59737 0.09562 0.60732 0.09560 0.60732 0.07843
7 0.50861 0.11020 0.50866 0.14626 0.55896 0.14626 0.55899 0.11039 0.54558 0.11029 0.54577 0.11410 0.52474 0.11420 0.52467 0.11017
2 0.60979 0.11020 0.61001 0.22299 0.69854 0.22308 0.69849 0.21316 0.71260 0.21316 0.71263 0.15907 0.70214 0.15876 0.70214 0.15222 0.69866 0.15222 0.69868 0.12362 0.70220 0.12365 0.70217 0.11039 0.68474 0.11020 0.68468 0.11407 0.63036 0.11420 0.63047 0.11023
12 0.70700 0.12396 0.70694 0.15313 0.76265 0.15326 0.76265 0.12511
1 0.87936 0.21349 0.89504 0.17108 0.88031 0.16411 0.90407 0.10127 0.96047 0.12823 0.95767 0.13638 0.95441 0.13480 0.92322 0.21912 0.92628 0.22048 0.92145 0.23369
1 0.71460 0.25201 0.71455 0.32404 0.72403 0.32401 0.72390 0.32011 0.77165 0.32008 0.77171 0.32404 0.78114 0.32401 0.78111 0.30140 0.79449 0.30137 0.79438 0.25195
12 0.80620 0.08905 0.80622 0.11831 0.86130 0.11838 0.86130 0.08905
12 0.74546 0.01886 0.74247 0.02733 0.76798 0.03943 0.76795 0.02979
12 0.87908 0.16662 0.87898 0.20698 0.89178 0.17279
8 0.56139 0.11032 0.56145 0.14629 0.59482 0.14620 0.59488 0.12369 0.60731 0.12375 0.60731 0.11026 0.59166 0.11017 0.59155 0.11435 0.56393 0.11416 0.56394 0.11031
5 0.80981 0.19040 0.80981 0.21248 0.84232 0.21245 0.84230 0.19037
6 0.70458 0.07832 0.70455 0.10456 0.70705 0.10467 0.70698 0.12104 0.73759 0.12104 0.73753 0.07839
12 0.81473 0.03304 0.80779 0.05163 0.81757 0.05623 0.82443 0.03780
5 0.84322 0.16711 0.84330 0.21297 0.87628 0.21297 0.87628 0.16734
3 0.80019 0.12421 0.80022 0.16339 0.85882 0.16350 0.85882 0.12421
1 0.71514 0.16257 0.71523 0.21318 0.76851 0.21318 0.76849 0.16263
0 0.60986 0.22300 0.69860 0.22313 0.69856 0.21903 0.87758 0.21880 0.91940 0.23890 0.91665 0.24662 0.91342 0.24486 0.88726 0.31578 0.89042 0.31739 0.88793 0.32396 0.86608 0.32396 0.86615 0.24914 0.70966 0.24891 0.70966 0.32404 0.70024 0.32411 0.70024 0.31999 0.61921 0.32014 0.61934 0.32396 0.60993 0.32389
3 0.76761 0.12405 0.76751 0.16201 0.77102 0.16203 0.77115 0.21881 0.79763 0.21882 0.79775 0.21316 0.80662 0.21312 0.80666 0.16623 0.79779 0.16623 0.79786 0.12404
12 0.86384 0.08193 0.86382 0.15593 0.87747 0.15596 0.89873 0.09855
4 0.50860 0.32954 0.50860 0.35719 0.90721 0.35719 0.98760 0.14120 0.96516 0.13051 0.89116 0.32962
1 0.50867 0.22174 0.50862 0.32395 0.52802 0.32400 0.52799 0.32010 0.58893 0.32010 0.58890 0.32395 0.60497 0.32395 0.60503 0.22162
7 0.50859 0.14929 0.54568 0.14947 0.54563 0.21856 0.50863 0.21856
5 0.54894 0.14997 0.54855 0.21801 0.60456 0.21816 0.60454 0.17260 0.59418 0.17274 0.59418 0.15001
1 0.79702 0.25190 0.79700 0.30433 0.78360 0.30420 0.78353 0.32393 0.80661 0.32400 0.80658 0.32007 0.85411 0.32014 0.85411 0.32397 0.86357 0.32404 0.86355 0.25203
4 0.60984 0.07842 0.60982 0.10455 0.70195 0.10452 0.70195 0.07842
4 0.50871 0.07834 0.50864 0.10455 0.60735 0.10468 0.60728 0.09851 0.59490 0.09848 0.59483 0.07844
5 0.80981 0.16718 0.80976 0.18917 0.84232 0.18923 0.84227 0.16712
12 0.59737 0.12635 0.59744 0.16897 0.60503 0.16895 0.60497 0.14610 0.60739 0.14606 0.60739 0.12652
12 0.77070 0.11841 0.80346 0.11838 0.80339 0.05537 0.81321 0.02920 0.82548 0.03492 0.83300 0.01461 0.74711 0.01468 0.74667 0.01611 0.77077 0.02780
4 0.10083 0.23880 0.10086 0.26644 0.36241 0.26641 0.36218 0.23880
3 0.10922 0.06833 0.10906 0.09014 0.11152 0.09011 0.11161 0.13432 0.13838 0.13429 0.13836 0.13130 0.14739 0.13122 0.14737 0.06828
7 0.32303 0.10449 0.32303 0.13950 0.36219 0.13910 0.36224 0.10470
