4 0.30531 0.90978 0.47012 0.90929 0.47045 0.98126 0.30510 0.98122
6 0.18331 0.91585 0.29606 0.91548 0.29613 0.98125 0.18346 0.98119
1 0.18353 0.66856 0.47739 0.66811 0.47759 0.90264 0.45438 0.90256 0.45428 0.89062 0.31734 0.89049 0.31761 0.90245 0.18350 0.90246
5 0.36282 0.41751 0.47451 0.41759 0.47680 0.55165 0.36282 0.55165
5 0.30184 0.56239 0.47551 0.56226 0.47596 0.66004 0.30259 0.65991
7 0.18347 0.45508 0.29057 0.45503 0.29112 0.66076 0.18345 0.66105
12 0.30047 0.41591 0.35228 0.41578 0.35186 0.55262 0.30042 0.55267
3 0.35086 0.30085 0.36121 0.30111 0.36043 0.27565 0.48216 0.27565 0.48294 0.40744 0.36121 0.40723 0.36121 0.38789 0.35075 0.38781 0.35076 0.37885 0.35853 0.37889 0.35853 0.30981 0.35114 0.30971
12 0.83235 0.43782 0.83218 0.47459 0.97936 0.47516 0.97976 0.43739
1 0.59575 0.28391 0.73659 0.28413 0.73659 0.27094 0.83738 0.27130 0.83801 0.30248 0.82321 0.30248 0.82321 0.41323 0.83801 0.41316 0.83767 0.43753 0.83199 0.43753 0.83189 0.44819 0.82343 0.44814 0.82300 0.46762 0.59584 0.46789
1 0.48194 0.08722 0.73623 0.08722 0.73653 0.13028 0.72236 0.13034 0.72236 0.23993 0.73668 0.24011 0.73645 0.26679 0.48229 0.26712
0 0.49453 0.28424 0.58468 0.28369 0.58318 0.59207 0.83515 0.59267 0.83588 0.75066 0.85032 0.75050 0.85047 0.98335 0.78880 0.98310 0.78880 0.97139 0.54591 0.97126 0.54591 0.98284 0.47859 0.98310 0.47816 0.88930 0.49594 0.88930
2 0.58468 0.48289 0.98004 0.48350 0.97986 0.49552 0.96185 0.49571 0.96168 0.56972 0.97997 0.56972 0.98002 0.59249 0.58364 0.59170
12 0.84542 0.60108 0.97945 0.60090 0.97945 0.60788 0.96387 0.60771 0.96408 0.66244 0.98010 0.66307 0.98053 0.68199 0.92355 0.68190 0.92442 0.74990 0.84568 0.75004 0.83630 0.75023 0.83630 0.73862 0.84553 0.73850
12 0.93362 0.69066 0.97956 0.69076 0.97969 0.74954 0.93388 0.74951
10 0.26916 0.01779 0.46197 0.01764 0.46253 0.25922 0.26897 0.25968
9 0.06948 0.01747 0.06995 0.07210 0.07952 0.07235 0.07974 0.15712 0.06927 0.15723 0.06974 0.22872 0.07976 0.22872 0.07993 0.27699 0.02167 0.27723 0.02147 0.38493 0.08641 0.38530 0.08628 0.43868 0.26293 0.43878 0.26306 0.38499 0.34072 0.38542 0.34116 0.27737 0.24768 0.27710 0.24746 0.25332 0.25760 0.25332 0.25760 0.18683 0.24735 0.18692 0.24740 0.01754
