1 0.59700 0.32573 0.90388 0.32673 0.90404 0.37006 0.89093 0.37018 0.88979 0.47035 0.90396 0.47029 0.90373 0.51327 0.59662 0.51193
1 0.58929 0.12867 0.90487 0.12906 0.90495 0.17749 0.89101 0.17754 0.89093 0.27731 0.90381 0.27743 0.90434 0.31702 0.59700 0.31550 0.59708 0.24211 0.58847 0.24211
9 0.32227 0.31708 0.45895 0.31719 0.45971 0.16936 0.48722 0.14485 0.43107 0.10626 0.43853 0.09994 0.36905 0.05298 0.36097 0.05930 0.31191 0.02684 0.03136 0.02365 0.03101 0.14509 0.25728 0.14708 0.32242 0.19070
12 0.42177 0.56135 0.49034 0.56164 0.49034 0.67158 0.38520 0.67099 0.38561 0.60484 0.42147 0.60468
12 0.22932 0.14871 0.25645 0.14906 0.31960 0.19193 0.31930 0.31702 0.22853 0.31711
12 0.46246 0.17082 0.46276 0.21450 0.56455 0.21532 0.56470 0.11117 0.74237 0.11228 0.75814 0.09836 0.65414 0.02854 0.62687 0.02813
12 0.38503 0.56781 0.38482 0.59637 0.41979 0.59649 0.42002 0.56778
12 0.91706 0.70514 0.97085 0.70544 0.97093 0.72556 0.91699 0.72561
12 0.91558 0.82446 0.96963 0.82444 0.96979 0.88725 0.91432 0.88708
12 0.22849 0.33520 0.33804 0.33585 0.33766 0.44994 0.28326 0.44982 0.28319 0.56035 0.24799 0.56029 0.24784 0.59287 0.17165 0.59275 0.17157 0.54193 0.22696 0.54205
5 0.19024 0.60008 0.19100 0.66749 0.37560 0.66860 0.37629 0.56865 0.25942 0.56836 0.25934 0.60006
0 0.58816 0.23427 0.58359 0.69409 0.81048 0.69450 0.80987 0.87942 0.82175 0.87953 0.82126 0.97661 0.76499 0.97602 0.76515 0.96544 0.53080 0.96444 0.53072 0.97485 0.47843 0.97489 0.47922 0.87773 0.49023 0.87833 0.49148 0.33526 0.48379 0.33520 0.48455 0.23351
2 0.59677 0.52175 0.89497 0.52322 0.89482 0.51409 0.97062 0.51450 0.97085 0.59152 0.95782 0.59140 0.95760 0.67287 0.97093 0.67292 0.97062 0.69456 0.58413 0.69374 0.58519 0.56883 0.59685 0.56877
5 0.29637 0.45965 0.47830 0.46029 0.47716 0.55825 0.29644 0.55789
6 0.16929 0.89094 0.30940 0.89164 0.30932 0.97316 0.16837 0.97246
1 0.17180 0.67702 0.47777 0.67848 0.47548 0.88409 0.43335 0.88404 0.43350 0.87673 0.31900 0.87649 0.31907 0.88339 0.17005 0.88304
3 0.34467 0.32567 0.45971 0.32567 0.46002 0.33561 0.49049 0.33579 0.49049 0.44924 0.34810 0.44930 0.34840 0.34363 0.34414 0.34363
4 0.82434 0.70500 0.90681 0.70515 0.90625 0.73265 0.97055 0.73340 0.97112 0.74039 0.95766 0.74097 0.95591 0.79516 0.97047 0.79551 0.97116 0.81629 0.90579 0.81615 0.90564 0.88678 0.82351 0.88632
4 0.31978 0.89235 0.43331 0.89321 0.43331 0.89933 0.45174 0.89950 0.45148 0.97480 0.32052 0.97392
