4 0.29502 0.06197 0.30779 0.06208 0.30877 0.21042 0.22918 0.21074 0.22918 0.10465
1 0.33354 0.06617 0.56180 0.06578 0.56204 0.26339 0.46214 0.26385 0.46258 0.21828 0.33342 0.21840
10 0.59237 0.03095 0.78890 0.03040 0.78821 0.21058 0.80240 0.21049 0.80350 0.26298 0.59224 0.26334
9 0.81260 0.01995 0.97139 0.01954 0.97108 0.45673 0.78600 0.45636 0.78623 0.27969 0.81273 0.27954
12 0.78626 0.46296 0.97062 0.46316 0.97119 0.49062 0.78669 0.49129
3 0.56111 0.28379 0.75528 0.28353 0.75571 0.33937 0.77700 0.33901 0.77717 0.39429 0.75500 0.39429 0.75533 0.41488 0.56139 0.41435
5 0.57244 0.42250 0.74850 0.42196 0.74948 0.50319 0.57212 0.50221
5 0.69693 0.51671 0.87139 0.51678 0.87208 0.59756 0.69602 0.59740
7 0.57277 0.60469 0.87359 0.60476 0.87393 0.68657 0.82111 0.68657 0.82125 0.69309 0.75360 0.69279 0.75342 0.68211 0.57249 0.68224
12 0.62669 0.51519 0.68624 0.51519 0.68699 0.59889 0.62720 0.59911
1 0.57723 0.69281 0.87398 0.69295 0.87476 0.90562 0.57821 0.90522
6 0.77781 0.92214 0.87574 0.92193 0.87509 0.98122 0.77798 0.98100
4 0.57784 0.92206 0.76735 0.92211 0.76764 0.98100 0.57809 0.98056
4 0.17284 0.91074 0.54488 0.91065 0.54488 0.92169 0.56180 0.92178 0.56235 0.93310 0.17298 0.93291
12 0.09669 0.71592 0.15647 0.71571 0.15581 0.79498 0.05689 0.79444 0.05673 0.75100 0.09685 0.75100
12 0.05652 0.71557 0.08803 0.71535 0.08813 0.74476 0.05663 0.74506
4 0.02936 0.53245 0.14255 0.53255 0.14294 0.36778 0.20121 0.36760 0.20165 0.37564 0.21743 0.37553 0.21796 0.51392 0.15590 0.51389 0.15595 0.70946 0.02969 0.70920 0.02935 0.64666 0.08607 0.64685 0.08636 0.64006 0.02932 0.64029
2 0.18211 0.53609 0.46254 0.53636 0.46419 0.70469 0.18034 0.70552
1 0.21882 0.22745 0.44790 0.22711 0.44893 0.36324 0.21856 0.36478
1 0.24214 0.37333 0.44844 0.37321 0.44844 0.52549 0.24231 0.52561
0 0.18034 0.70552 0.18122 0.89485 0.56254 0.89485 0.56223 0.59839 0.61808 0.59819 0.61839 0.51528 0.56161 0.51507 0.56161 0.27272 0.46263 0.27272 0.46419 0.70469
