4 0.62427 0.40333 0.68916 0.40364 0.68908 0.34692 0.70501 0.34686 0.70485 0.27616 0.68031 0.27608 0.68031 0.28525 0.63188 0.28531 0.63188 0.27602 0.62460 0.27608
5 0.88450 0.40600 0.97827 0.40629 0.97797 0.56430 0.88359 0.56456
7 0.84688 0.59550 0.88520 0.59547 0.88483 0.57274 0.97782 0.57225 0.97745 0.67199 0.84629 0.67209
1 0.74348 0.68601 0.97776 0.68535 0.97861 0.92713 0.90572 0.92658 0.90583 0.91584 0.77939 0.91572 0.77950 0.92646 0.74314 0.92640
4 0.24656 0.90227 0.31816 0.90236 0.31828 0.97593 0.24656 0.97613
1 0.24735 0.68653 0.44535 0.68650 0.44660 0.88767 0.42543 0.88761 0.42532 0.87765 0.33415 0.87802 0.33410 0.88749 0.24686 0.88731
5 0.24783 0.53298 0.34135 0.53294 0.34075 0.67132 0.24834 0.67150
12 0.02635 0.29909 0.12093 0.29921 0.12070 0.36914 0.02640 0.36902
11 0.02314 0.10045 0.15948 0.10020 0.15966 0.25308 0.02287 0.25298
10 0.29213 0.02488 0.40653 0.02479 0.44733 0.06727 0.44692 0.31177 0.29164 0.31194
9 0.17648 0.09696 0.27674 0.09673 0.27763 0.37576 0.45125 0.37594 0.45156 0.47819 0.02615 0.47796 0.02615 0.37622 0.17566 0.37619
3 0.31116 0.49237 0.37205 0.49214 0.37205 0.49904 0.43337 0.49868 0.43328 0.49213 0.45844 0.49240 0.45836 0.59399 0.34760 0.59391 0.34710 0.52640 0.31143 0.52630
12 0.88418 0.34752 0.88441 0.39949 0.97814 0.40029 0.97800 0.34726
12 0.24717 0.49180 0.30485 0.49225 0.30479 0.52661 0.24707 0.52654
12 0.02623 0.27061 0.12091 0.27047 0.12091 0.29206 0.02607 0.29212
12 0.12732 0.27045 0.16782 0.27065 0.16820 0.36930 0.12722 0.36930
12 0.28487 0.32966 0.28487 0.36891 0.45163 0.36921 0.45149 0.32996
12 0.62980 0.41139 0.68344 0.41163 0.68384 0.43330 0.62967 0.43342
0 0.34756 0.59508 0.34833 0.67150 0.45961 0.67140 0.45851 0.94814 0.45115 0.94813 0.45115 0.97624 0.48547 0.97636 0.48556 0.96744 0.70348 0.96717 0.70336 0.97674 0.73899 0.97661 0.73910 0.93939 0.73033 0.93927 0.72941 0.67130 0.83731 0.67223 0.83731 0.59539
4 0.32761 0.90248 0.45146 0.90283 0.45149 0.94674 0.44388 0.94668 0.44363 0.97618 0.32829 0.97624
2 0.46555 0.27638 0.46528 0.47821 0.47236 0.47835 0.47271 0.59438 0.68390 0.59484 0.68321 0.44720 0.61652 0.44702 0.61772 0.27657 0.58835 0.27632 0.58829 0.28494 0.51580 0.28506 0.51568 0.27620
1 0.69898 0.35408 0.69892 0.34710 0.73211 0.34673 0.73228 0.35508 0.84212 0.35549 0.84196 0.34623 0.87701 0.34648 0.87840 0.58045 0.69699 0.57972 0.69691 0.44543 0.69596 0.35408
