12 0.28274 0.30161 0.21300 0.30148 0.21353 0.42930 0.29186 0.42956 0.29207 0.41339 0.28242 0.41339
1 0.79037 0.49986 0.98055 0.49860 0.98074 0.71103 0.79032 0.71114
4 0.21359 0.73466 0.21359 0.80698 0.98606 0.80698 0.98591 0.73529 0.79209 0.73555 0.79202 0.76152 0.78518 0.76152 0.78525 0.73439
12 0.53231 0.41090 0.44101 0.41111 0.44115 0.23848 0.53230 0.23850
1 0.37561 0.58798 0.37572 0.71636 0.53245 0.71653 0.53252 0.58789
12 0.18485 0.12142 0.18470 0.18601 0.28984 0.18638 0.28998 0.12102
3 0.32692 0.39768 0.32692 0.41375 0.29902 0.41418 0.29885 0.49444 0.38471 0.49402 0.38480 0.47519 0.39017 0.47530 0.39034 0.49635 0.43869 0.49656 0.43852 0.41418 0.38341 0.41407 0.38376 0.39736
2 0.72978 0.23827 0.54438 0.23887 0.54439 0.50399 0.72977 0.50437
0 0.29917 0.50343 0.29843 0.58041 0.54435 0.57963 0.54435 0.71534 0.77786 0.71637 0.77871 0.50537
12 0.44471 0.41973 0.53216 0.41934 0.53237 0.49632 0.44450 0.49645
12 0.40776 0.38813 0.30282 0.38828 0.30223 0.11803 0.12388 0.11716 0.11264 0.13101 0.11208 0.38839 0.01425 0.38848 0.01492 0.01758 0.40810 0.01757
5 0.86915 0.33690 0.82138 0.33683 0.82102 0.40035 0.79069 0.40043 0.79027 0.49171 0.86861 0.49163
5 0.21348 0.43802 0.29188 0.43780 0.29248 0.57961 0.21354 0.57946
1 0.21358 0.58802 0.21278 0.71647 0.37043 0.71647 0.37017 0.58802
12 0.21343 0.20068 0.29939 0.20069 0.29937 0.27662 0.21321 0.27672
12 0.21384 0.82647 0.98594 0.82660 0.98594 0.98379 0.21342 0.98353
7 0.87594 0.35229 0.98068 0.35211 0.98061 0.49613 0.87564 0.49577
12 0.17269 0.12134 0.12495 0.12121 0.11559 0.13288 0.11524 0.18628 0.17285 0.18628
12 0.20219 0.30177 0.13241 0.30164 0.13241 0.41357 0.12285 0.41357 0.12290 0.42973 0.20147 0.42942
12 0.11556 0.20080 0.20152 0.20081 0.20150 0.27674 0.11534 0.27685
