4 0.10692 0.77442 0.06299 0.77396 0.06299 0.71181 0.10135 0.71209 0.10135 0.71300 0.10678 0.71358
5 0.75366 0.58844 0.79086 0.58825 0.79113 0.61427 0.81467 0.61408 0.81469 0.68342 0.75371 0.68366
8 0.92226 0.49041 0.98868 0.49060 0.98868 0.51305 0.98476 0.51323 0.98471 0.56405 0.98865 0.56405 0.98865 0.56965 0.92218 0.56971
1 0.85751 0.30219 0.91271 0.30200 0.91270 0.29310 0.91556 0.29307 0.91554 0.29486 0.95145 0.29453 0.95138 0.33930 0.94739 0.33930 0.94741 0.43065 0.95124 0.43042 0.95120 0.46279 0.94790 0.46330 0.94780 0.47556 0.85768 0.47497
2 0.85422 0.57854 0.98890 0.57651 0.98869 0.60534 0.98493 0.60569 0.98491 0.67438 0.98868 0.67413 0.98863 0.73672 0.85408 0.73727
7 0.71093 0.54499 0.75050 0.54482 0.75084 0.68489 0.71125 0.68432
9 0.68277 0.12065 0.68908 0.12046 0.68890 0.10910 0.73366 0.10890 0.73406 0.32387 0.73576 0.32756 0.74306 0.32747 0.74306 0.44757 0.68353 0.44748
10 0.74113 0.02440 0.74139 0.17889 0.73783 0.17907 0.73766 0.24134 0.80955 0.24116 0.80938 0.02422
6 0.94588 0.74499 0.98863 0.74486 0.98875 0.88021 0.95253 0.88059 0.95276 0.78785 0.94594 0.78798
12 0.79399 0.58787 0.81472 0.58795 0.81483 0.60746 0.79406 0.60737
12 0.70642 0.50437 0.75470 0.50344 0.75470 0.53863 0.70658 0.53828
12 0.73511 0.25775 0.80946 0.25763 0.80946 0.32450 0.74314 0.32443 0.74311 0.32530 0.73608 0.32542 0.73523 0.32351
4 0.76672 0.91312 0.81470 0.91376 0.81435 0.97604 0.76684 0.97460
12 0.71523 0.91485 0.76281 0.91450 0.76287 0.97742 0.71517 0.97742
12 0.69763 0.44915 0.74299 0.44922 0.74309 0.48170 0.69760 0.48181
3 0.75326 0.34666 0.75339 0.37228 0.74726 0.37255 0.74714 0.44524 0.75329 0.44544 0.75323 0.47720 0.81906 0.47558 0.81917 0.45184 0.82187 0.45180 0.82183 0.37599 0.81913 0.37610 0.81919 0.35054
1 0.71158 0.69056 0.81491 0.69044 0.81491 0.69044 0.81523 0.90623 0.80583 0.90611 0.80572 0.89866 0.76641 0.89796 0.76657 0.90635 0.71120 0.90623
5 0.75766 0.49175 0.81465 0.49183 0.81476 0.58149 0.75763 0.58188
12 0.95120 0.45718 0.98872 0.45802 0.98898 0.48277 0.95115 0.48277
0 0.81955 0.30266 0.85411 0.30222 0.85399 0.73735 0.94503 0.73684 0.94536 0.97698 0.92937 0.97744 0.92935 0.96882 0.83428 0.96929 0.83430 0.97767 0.81839 0.97736 0.82192 0.35030 0.81975 0.35030
1 0.81980 0.05836 0.83440 0.05855 0.83435 0.06585 0.86582 0.06651 0.86588 0.05812 0.87910 0.05843 0.87908 0.12906 0.91568 0.12925 0.91586 0.16925 0.91191 0.16925 0.91174 0.26074 0.91578 0.26048 0.91559 0.29310 0.81978 0.29310
12 0.85696 0.49190 0.91897 0.49016 0.91912 0.57273 0.85696 0.57218
1 0.31291 0.77672 0.29750 0.77680 0.29768 0.76759 0.25555 0.76868 0.25548 0.77633 0.24075 0.77602 0.24077 0.57724 0.31280 0.57612
1 0.10710 0.70454 0.10164 0.70454 0.10144 0.69718 0.06241 0.69704 0.06241 0.70497 0.01120 0.70511 0.01140 0.48943 0.10683 0.48929
12 0.39381 0.26684 0.32211 0.26709 0.32188 0.20975 0.39383 0.21163
7 0.05967 0.48323 0.01151 0.48287 0.01120 0.24659 0.02350 0.24686 0.02359 0.25529 0.04708 0.25498 0.04703 0.24601 0.06207 0.24661 0.06207 0.28838 0.05996 0.28858 0.05946 0.33310 0.06185 0.33321 0.06181 0.34305 0.05978 0.34293
11 0.38771 0.19504 0.32204 0.19486 0.32228 0.13757 0.38811 0.13792
1 0.39682 0.77602 0.37779 0.77629 0.37788 0.76849 0.33592 0.76810 0.33586 0.77641 0.31665 0.77609 0.31674 0.57682 0.39646 0.57690
12 0.24820 0.38624 0.24780 0.40437 0.29111 0.40546 0.29111 0.39311 0.29009 0.39300 0.29007 0.38667
2 0.30609 0.37956 0.30609 0.39268 0.29445 0.39268 0.29472 0.49220 0.30594 0.49187 0.30590 0.49794 0.34059 0.49802 0.34077 0.49163 0.35178 0.49171 0.35174 0.39243 0.34014 0.39259 0.34014 0.37948
5 0.10638 0.48085 0.06313 0.48110 0.06340 0.35019 0.09430 0.35044 0.09438 0.40196 0.10642 0.40237
12 0.09783 0.33717 0.09783 0.39430 0.11036 0.39465 0.11028 0.33717
8 0.29032 0.37986 0.24841 0.38062 0.24838 0.24655 0.25399 0.24662 0.25404 0.25513 0.27750 0.25504 0.27746 0.24683 0.29017 0.24662
12 0.01138 0.71337 0.01138 0.77621 0.05886 0.77638 0.05878 0.71320
6 0.06499 0.24699 0.06499 0.29038 0.06294 0.29026 0.06300 0.33294 0.10827 0.33283 0.10827 0.24651
12 0.29169 0.49228 0.24780 0.49228 0.24768 0.42164 0.29169 0.42148
9 0.30025 0.27917 0.29985 0.37041 0.43766 0.37006 0.43890 0.13760 0.39525 0.13640 0.39521 0.28021
2 0.12377 0.24659 0.11145 0.24519 0.11037 0.34332 0.11375 0.34303 0.11384 0.39993 0.11435 0.39993 0.11429 0.49777 0.24453 0.49870 0.24500 0.24698 0.22593 0.24601 0.22579 0.25502 0.19356 0.25459 0.19365 0.24780 0.15514 0.24698 0.15528 0.25502 0.12402 0.25447
12 0.39657 0.42989 0.35528 0.42998 0.35521 0.39276 0.39675 0.39276
12 0.31589 0.27762 0.30020 0.27762 0.30000 0.25222 0.31582 0.25280
0 0.23358 0.77649 0.22135 0.77653 0.22144 0.76872 0.12611 0.76880 0.12606 0.77590 0.11048 0.77633 0.11050 0.69958 0.11406 0.69927 0.11415 0.49774 0.35191 0.49813 0.35200 0.56055 0.35163 0.56055 0.35163 0.56860 0.23349 0.56796 0.23357 0.75169 0.23384 0.75199 0.23412 0.77363 0.23357 0.77603
5 0.39600 0.55961 0.35578 0.55984 0.35583 0.43715 0.39611 0.43739
