12 0.73974 0.04107 0.73974 0.12676 0.78481 0.12635 0.78459 0.04190
1 0.64828 0.50423 0.64839 0.82164 0.67169 0.82147 0.67175 0.80814 0.71135 0.80781 0.71152 0.82115 0.71748 0.82180 0.71701 0.50409
2 0.80559 0.04645 0.89217 0.04645 0.89230 0.46643 0.83940 0.46655 0.83914 0.36592 0.78716 0.36504 0.78712 0.10946 0.80549 0.10946
12 0.93918 0.04313 0.99035 0.04198 0.99045 0.28200 0.93905 0.28200
12 0.26267 0.06739 0.30178 0.06739 0.30166 0.30396 0.26244 0.30365
0 0.05999 0.40191 0.17233 0.40013 0.17229 0.38849 0.20578 0.38877 0.20597 0.49046 0.25893 0.48928 0.25874 0.82297 0.24897 0.82368 0.24891 0.80766 0.16406 0.80692 0.16419 0.82368 0.15391 0.82273 0.15423 0.51695 0.05980 0.51815
5 0.27895 0.31662 0.31751 0.31870 0.31744 0.47772 0.27873 0.47751
1 0.99049 0.46550 0.99023 0.92628 0.97536 0.92636 0.97554 0.91171 0.91349 0.91081 0.91325 0.92595 0.89814 0.92636 0.89800 0.46567
5 0.74184 0.13758 0.78478 0.13729 0.78483 0.36648 0.74269 0.36430
1 0.72062 0.50467 0.72034 0.92587 0.72775 0.92546 0.72769 0.91237 0.77472 0.91171 0.77465 0.92480 0.78417 0.92513 0.78508 0.50467
12 0.89828 0.29271 0.90980 0.29271 0.91007 0.45380 0.89847 0.45414
5 0.91289 0.29367 0.95145 0.29573 0.95138 0.45475 0.91267 0.45455
12 0.15377 0.06393 0.15366 0.11939 0.16846 0.11936 0.16839 0.06472
2 0.17222 0.06930 0.25880 0.06930 0.25893 0.48928 0.20604 0.48940 0.20578 0.38877 0.15379 0.38789 0.15375 0.13231 0.17212 0.13231
12 0.89630 0.04439 0.93541 0.04439 0.93528 0.28097 0.89607 0.28066
1 0.08684 0.52681 0.08684 0.82243 0.09426 0.82270 0.09417 0.80791 0.14075 0.80726 0.14088 0.82240 0.15093 0.82270 0.15130 0.52681
12 0.31865 0.31809 0.35642 0.32011 0.35641 0.47732 0.31849 0.47732
3 0.69342 0.20112 0.73902 0.20147 0.73884 0.36463 0.69388 0.36463 0.69369 0.34669 0.68995 0.34704 0.69031 0.23976 0.69369 0.23976
12 0.26442 0.31662 0.27593 0.31662 0.27621 0.47772 0.26460 0.47806
12 0.78792 0.04057 0.78781 0.09604 0.80261 0.09602 0.80255 0.04136
3 0.05971 0.22531 0.10531 0.22566 0.10513 0.38882 0.06017 0.38882 0.05999 0.37088 0.05624 0.37122 0.05661 0.26395 0.05999 0.26395
1 0.01465 0.52722 0.01439 0.71643 0.03845 0.71684 0.03850 0.70146 0.07742 0.70086 0.07758 0.71622 0.08377 0.71742 0.08338 0.52708
12 0.10585 0.06393 0.10585 0.14961 0.15092 0.14920 0.15070 0.06475
12 0.30546 0.06708 0.35663 0.06593 0.35674 0.30597 0.30533 0.30597
0 0.69308 0.37948 0.80543 0.37770 0.80538 0.36608 0.83887 0.36634 0.83906 0.46803 0.89203 0.46685 0.89229 0.92652 0.88297 0.92546 0.88291 0.91081 0.79763 0.91146 0.79765 0.92644 0.78792 0.92619 0.78733 0.49453 0.69290 0.49573
1 0.35676 0.48827 0.35655 0.82260 0.34151 0.82284 0.34144 0.80729 0.27976 0.80729 0.27950 0.82284 0.26485 0.82284 0.26426 0.48844
6 0.64489 0.84249 0.67002 0.84249 0.67011 0.93631 0.64489 0.93700
4 0.08341 0.84404 0.08327 0.95083 0.36057 0.95044 0.36044 0.84513
4 0.01067 0.73795 0.01067 0.84454 0.07701 0.84592 0.07729 0.73761
5 0.10800 0.16033 0.15095 0.16004 0.15100 0.38925 0.10886 0.38706
6 0.01088 0.86634 0.03601 0.86634 0.03610 0.96017 0.01088 0.96087
12 0.95233 0.29414 0.99010 0.29615 0.99009 0.45337 0.95217 0.45337
