12 0.81020 0.16043 0.82974 0.16035 0.82959 0.19092 0.85342 0.19084 0.85378 0.22721 0.80999 0.22721
12 0.56948 0.20621 0.56948 0.22747 0.60490 0.22758 0.60490 0.20631
12 0.60778 0.23660 0.61496 0.23660 0.61510 0.26152 0.63950 0.26137 0.63940 0.26308 0.60764 0.26321
12 0.83463 0.16032 0.83447 0.18569 0.85152 0.18564 0.85151 0.16029
12 0.88740 0.30667 0.88724 0.33405 0.90010 0.33417 0.90010 0.30655
0 0.65075 0.30582 0.65009 0.41464 0.74853 0.41464 0.74804 0.33361 0.88424 0.33379 0.88424 0.30618
5 0.81383 0.25027 0.81360 0.30193 0.84640 0.30205 0.84605 0.25039
12 0.61799 0.23450 0.61807 0.25801 0.63820 0.25767 0.63788 0.23450
12 0.76081 0.21326 0.76081 0.23464 0.76880 0.23464 0.76908 0.21317
12 0.64211 0.26156 0.64214 0.27033 0.66122 0.27033 0.66125 0.26351 0.66340 0.26334 0.66337 0.26160
12 0.88732 0.27087 0.88732 0.30356 0.90023 0.30346 0.89999 0.27087
6 0.60811 0.20768 0.60811 0.22916 0.63390 0.22895 0.63400 0.20779
9 0.86483 0.06738 0.86483 0.13214 0.85665 0.13231 0.85693 0.25970 0.89687 0.25988 0.89693 0.19489 0.91650 0.18720 0.91618 0.14665 0.90367 0.14657 0.90351 0.11466 0.90687 0.11460 0.90687 0.08916 0.90350 0.08907 0.90318 0.06737
7 0.56649 0.23423 0.56679 0.30307 0.60472 0.30295 0.60460 0.23423
11 0.37845 0.07944 0.37822 0.13532 0.43211 0.13507 0.43188 0.07956
12 0.41801 0.14214 0.41808 0.16301 0.40514 0.16317 0.40488 0.18427 0.40050 0.18442 0.40050 0.19852 0.43211 0.19864 0.43165 0.14202
5 0.06605 0.24320 0.06614 0.27853 0.11616 0.27864 0.11626 0.24984 0.09627 0.24998 0.09630 0.24331
1 0.21206 0.31296 0.27689 0.31296 0.27721 0.39696 0.21140 0.39696
1 0.02487 0.28273 0.02454 0.36691 0.10377 0.36726 0.10312 0.28220
1 0.34541 0.31289 0.34557 0.39724 0.28042 0.39742 0.27960 0.31254
12 0.10016 0.22677 0.10015 0.24627 0.12308 0.24617 0.12289 0.22625
5 0.25966 0.22535 0.25886 0.27719 0.29217 0.27743 0.29205 0.22547
12 0.06516 0.23000 0.06516 0.23945 0.09105 0.23953 0.09129 0.22992
4 0.05402 0.37437 0.05402 0.40090 0.10158 0.40104 0.10152 0.37423
9 0.30251 0.23638 0.34548 0.23626 0.34582 0.22940 0.39494 0.22927 0.39516 0.18442 0.37197 0.18454 0.37174 0.07952 0.32764 0.07928 0.32798 0.18896 0.30229 0.18920
12 0.37345 0.14228 0.37320 0.16016 0.41523 0.16025 0.41513 0.14238
1 0.20547 0.21523 0.20547 0.27832 0.25635 0.27846 0.25608 0.21523
10 0.26564 0.07968 0.26550 0.18240 0.32158 0.18239 0.32154 0.07950
2 0.10061 0.18430 0.10014 0.22343 0.12642 0.22317 0.12654 0.24960 0.11957 0.24950 0.11970 0.28182 0.20268 0.28121 0.20339 0.18404
12 0.26549 0.18919 0.26565 0.20569 0.29933 0.20574 0.29922 0.18908
7 0.02462 0.19667 0.02462 0.27996 0.06391 0.27926 0.06359 0.19650
6 0.02477 0.37424 0.02477 0.40080 0.05066 0.40098 0.05064 0.37435
12 0.06787 0.19315 0.06787 0.22427 0.09095 0.22408 0.09106 0.19266
0 0.10909 0.28243 0.10844 0.39749 0.20715 0.39731 0.20649 0.30961 0.34548 0.30926 0.34564 0.28120
12 0.37728 0.16543 0.37718 0.17880 0.40039 0.17922 0.40039 0.16543
12 0.25886 0.21406 0.25895 0.22193 0.29495 0.22193 0.29495 0.21386
3 0.30575 0.23977 0.30575 0.24536 0.29606 0.24536 0.29579 0.27918 0.34531 0.27918 0.34585 0.24566 0.32922 0.24521 0.32935 0.23962
12 0.61025 0.83051 0.62280 0.83065 0.62266 0.86918 0.61025 0.86918
12 0.67863 0.75643 0.69676 0.75638 0.69682 0.81953 0.65453 0.81917 0.65465 0.78657 0.67863 0.78681
12 0.01886 0.76575 0.01886 0.79025 0.05438 0.78995 0.05447 0.76595
12 0.26448 0.79815 0.26457 0.80911 0.29654 0.80894 0.29630 0.79821
1 0.01590 0.86832 0.01571 0.95302 0.09507 0.95281 0.09417 0.86814
10 0.36021 0.57365 0.41619 0.57383 0.41603 0.67706 0.35988 0.67688
5 0.05774 0.82921 0.05798 0.86495 0.11016 0.86461 0.10992 0.83602 0.08821 0.83602 0.08790 0.82947
1 0.27443 0.89993 0.27443 0.94934 0.20257 0.94952 0.20289 0.90046
4 0.04673 0.96034 0.04688 0.98709 0.09305 0.98740 0.09299 0.98068 0.35333 0.98105 0.35276 0.95666 0.19611 0.95642 0.19611 0.95213 0.10121 0.95180 0.10120 0.96033
2 0.11576 0.82693 0.11576 0.86848 0.20420 0.86860 0.20409 0.82706
12 0.33629 0.83312 0.33649 0.86632 0.34918 0.86591 0.34927 0.83343
12 0.35397 0.68525 0.35388 0.70790 0.36556 0.70801 0.36554 0.68517
12 0.28384 0.72302 0.28395 0.74818 0.30065 0.74797 0.30064 0.72281
12 0.07059 0.79699 0.07079 0.82069 0.08954 0.82079 0.08954 0.79699
9 0.31431 0.62934 0.31423 0.69465 0.30498 0.69481 0.30645 0.82222 0.34639 0.82187 0.34662 0.75735 0.36553 0.74981 0.36522 0.70946 0.35261 0.70910 0.35245 0.62970
3 0.31049 0.82632 0.31059 0.83346 0.29884 0.83336 0.29988 0.86645 0.33408 0.86604 0.33389 0.82642
12 0.25968 0.72291 0.27882 0.72281 0.27892 0.75334 0.30260 0.75313 0.30279 0.78969 0.25931 0.78980
12 0.33646 0.86891 0.33665 0.89607 0.34896 0.89648 0.34896 0.86912
7 0.01582 0.79679 0.01582 0.86561 0.05404 0.86545 0.05404 0.79677
12 0.71643 0.79680 0.71620 0.82290 0.73726 0.82340 0.73707 0.79938 0.73434 0.79951 0.73440 0.79671
12 0.65692 0.75638 0.65678 0.78157 0.67374 0.78157 0.67383 0.75630
6 0.70454 0.77252 0.70441 0.79150 0.73414 0.79150 0.73428 0.77267
11 0.64771 0.66718 0.64738 0.72382 0.69682 0.72382 0.69682 0.66735
4 0.96585 0.83201 0.96585 0.95703 0.98905 0.95763 0.98933 0.83170
10 0.54032 0.61679 0.59607 0.61662 0.59727 0.72003 0.54022 0.72003
12 0.54044 0.72844 0.54020 0.76961 0.55896 0.76973 0.55953 0.72843
12 0.70447 0.79923 0.70458 0.82361 0.71345 0.82374 0.71334 0.79947
12 0.72592 0.83214 0.72595 0.86903 0.73766 0.86902 0.73760 0.83243
1 0.68687 0.90390 0.68679 0.95397 0.76086 0.95373 0.76024 0.90379
5 0.90198 0.83603 0.90207 0.86467 0.95492 0.86448 0.95429 0.82951 0.92403 0.82928 0.92404 0.83609
2 0.79221 0.83134 0.79172 0.87175 0.80710 0.87193 0.80742 0.86963 0.86423 0.86946 0.86407 0.86505 0.88257 0.86487 0.88257 0.83099
12 0.88766 0.82815 0.88799 0.86521 0.89912 0.86574 0.89879 0.83291 0.92105 0.83291 0.92105 0.82815
12 0.93045 0.95975 0.93058 0.98681 0.95909 0.98696 0.95909 0.95961
12 0.71486 0.83206 0.71480 0.86924 0.72357 0.86913 0.72369 0.83173
4 0.73776 0.77345 0.73823 0.82351 0.88179 0.82325 0.88202 0.77929 0.77241 0.77954 0.77265 0.77269
12 0.74073 0.83110 0.74060 0.86945 0.78848 0.86918 0.78862 0.83110
9 0.60417 0.66725 0.60394 0.72875 0.56151 0.72900 0.56151 0.76991 0.61337 0.76940 0.61313 0.81896 0.65155 0.81921 0.65155 0.75009 0.64212 0.73120 0.64198 0.66738
12 0.64595 0.73191 0.65566 0.75118 0.69682 0.75115 0.69705 0.73167
12 0.61008 0.87247 0.61037 0.90005 0.62268 0.90005 0.62278 0.87257
3 0.62566 0.82321 0.62588 0.87198 0.66033 0.87198 0.66056 0.83032 0.64919 0.83044 0.64919 0.82346
1 0.60999 0.90351 0.60992 0.95357 0.68399 0.95334 0.68371 0.90364
4 0.60641 0.96028 0.60641 0.98654 0.92818 0.98718 0.92798 0.95986
0 0.62578 0.87241 0.62578 0.89993 0.76623 0.90011 0.76557 0.95340 0.86412 0.95340 0.86379 0.87205
1 0.86897 0.86841 0.86911 0.95340 0.95874 0.95325 0.95887 0.86826
5 0.66419 0.83286 0.66392 0.86815 0.71180 0.86801 0.71221 0.83286
12 0.05704 0.79921 0.05704 0.82581 0.06441 0.82559 0.06421 0.79914
12 0.01198 0.95974 0.01205 0.98709 0.04438 0.98717 0.04442 0.95981
12 0.25932 0.69465 0.25996 0.71747 0.30259 0.71765 0.30259 0.69458
6 0.05724 0.77035 0.05753 0.79148 0.08708 0.79178 0.08699 0.77024
12 0.34743 0.75851 0.34756 0.77644 0.36552 0.77638 0.36565 0.75092
12 0.21032 0.77563 0.21031 0.79738 0.21836 0.79719 0.21828 0.77574
4 0.09027 0.77041 0.09027 0.81982 0.21075 0.81982 0.21059 0.83376 0.25626 0.83358 0.25577 0.80094 0.20731 0.80076 0.20748 0.77570 0.12104 0.77553 0.12088 0.77023
1 0.34938 0.90000 0.34938 0.94941 0.27751 0.94959 0.27796 0.90016
12 0.20668 0.84091 0.20672 0.86528 0.25918 0.86539 0.25917 0.84118
12 0.09138 0.82661 0.09138 0.83275 0.11060 0.83285 0.11060 0.82631
11 0.25937 0.62977 0.25904 0.68641 0.30848 0.68623 0.30881 0.62977
5 0.26284 0.81267 0.26273 0.86462 0.29547 0.86462 0.29547 0.81279
0 0.09976 0.86852 0.09911 0.94458 0.19798 0.94493 0.19733 0.89623 0.33385 0.89623 0.33336 0.86799
12 0.91636 0.18842 0.89824 0.19603 0.89817 0.21393 0.91629 0.21402
10 0.91103 0.01167 0.96675 0.01167 0.96674 0.11440 0.91042 0.11427
1 0.90007 0.33776 0.82897 0.33746 0.82786 0.41515 0.90034 0.41455
3 0.86099 0.26394 0.86115 0.27069 0.84977 0.27086 0.85032 0.30544 0.88433 0.30561 0.88433 0.26386
12 0.90468 0.12271 0.90465 0.14562 0.91619 0.14564 0.91618 0.12278
12 0.56277 0.39706 0.56289 0.42445 0.59499 0.42457 0.59511 0.39731
5 0.60851 0.26708 0.60891 0.30202 0.66084 0.30217 0.66084 0.27379 0.63905 0.27371 0.63872 0.26694
1 0.56635 0.30579 0.64451 0.30549 0.64507 0.39050 0.56649 0.39095
12 0.81019 0.13228 0.81019 0.15519 0.85342 0.15528 0.85342 0.13237
2 0.64049 0.21212 0.64119 0.25844 0.66599 0.25844 0.66641 0.30594 0.75469 0.30579 0.75427 0.21735 0.66821 0.21705 0.66831 0.21190
11 0.85949 0.12422 0.85973 0.06756 0.80999 0.06755 0.81022 0.12372
1 0.82537 0.33773 0.75386 0.33773 0.75336 0.41464 0.82553 0.41464
1 0.75744 0.24174 0.75744 0.30288 0.81022 0.30288 0.80999 0.24150
12 0.81539 0.23575 0.81529 0.24625 0.84705 0.24677 0.84734 0.23578
4 0.59742 0.39780 0.59742 0.42457 0.64373 0.42482 0.64338 0.39768
