12 0.63809 0.28713 0.63864 0.20410 0.68609 0.20410 0.68554 0.28754
12 0.84339 0.05438 0.84329 0.12051 0.87261 0.12051 0.87261 0.05468
1 0.79217 0.38329 0.98111 0.38260 0.98123 0.85492 0.82286 0.85457 0.82274 0.84275 0.70988 0.84257 0.70965 0.85474 0.68425 0.85370 0.68459 0.49316 0.79158 0.49315
12 0.26942 0.20449 0.29353 0.20425 0.29353 0.21547 0.34988 0.21583 0.34988 0.20400 0.41516 0.20340 0.41524 0.48806 0.27413 0.48746
5 0.01996 0.39793 0.11281 0.39793 0.11314 0.59000 0.01955 0.58976
12 0.01956 0.38872 0.01949 0.34176 0.11273 0.34173 0.11286 0.38869
2 0.42222 0.48742 0.42222 0.21441 0.41511 0.21477 0.41487 0.02954 0.45952 0.02954 0.45941 0.04011 0.59442 0.03993 0.59442 0.02954 0.63789 0.02954 0.63824 0.19327 0.63197 0.19327 0.63173 0.29825 0.68420 0.29825 0.68444 0.41558 0.63067 0.41523 0.63067 0.42705 0.63386 0.42705 0.63422 0.49781 0.44069 0.49799 0.44069 0.48742
1 0.01929 0.94596 0.06191 0.94620 0.06191 0.93521 0.16327 0.93521 0.16327 0.94644 0.20597 0.94620 0.20571 0.61208 0.01977 0.61313
3 0.11951 0.48778 0.11971 0.34689 0.11376 0.34689 0.11396 0.29373 0.13958 0.29373 0.13958 0.27931 0.21207 0.27901 0.21207 0.29403 0.21452 0.29409 0.21405 0.36672 0.22001 0.36612 0.21981 0.29403 0.26668 0.29403 0.26648 0.47697 0.21981 0.47697 0.21981 0.43701 0.21405 0.43701 0.21405 0.49799 0.14454 0.49799 0.14454 0.48778
5 0.69109 0.22189 0.78515 0.22374 0.78465 0.48265 0.69059 0.48228
7 0.79186 0.37257 0.79186 0.20356 0.98096 0.20480 0.98116 0.28559 0.97420 0.28559 0.97400 0.36267 0.98096 0.36298 0.98096 0.37257
1 0.21259 0.61260 0.39861 0.61285 0.39911 0.94603 0.35624 0.94628 0.35624 0.93526 0.25546 0.93526 0.25513 0.94603 0.21259 0.94603
4 0.64593 0.05356 0.83639 0.05444 0.83624 0.19395 0.64580 0.19374
0 0.12009 0.49804 0.67792 0.49775 0.67678 0.84316 0.68432 0.84294 0.68332 0.97192 0.64310 0.97171 0.64310 0.96117 0.43987 0.96117 0.44001 0.97235 0.39922 0.97213 0.39908 0.93602 0.40590 0.93602 0.40604 0.70536 0.43361 0.70536 0.43347 0.60046 0.12094 0.60239
6 0.84385 0.13111 0.87950 0.13093 0.87938 0.05426 0.91148 0.05444 0.91148 0.19381 0.84349 0.19381
12 0.37648 0.02950 0.40860 0.02929 0.40860 0.19374 0.37605 0.19417
4 0.69683 0.87305 0.71114 0.87290 0.71114 0.86558 0.82158 0.86588 0.82178 0.87305 0.91149 0.87305 0.91139 0.97262 0.84379 0.97277 0.84389 0.93679 0.83056 0.93724 0.83066 0.97292 0.71025 0.97307 0.71004 0.92107 0.69663 0.92082
